tensor([[ 9.1672e-01,  1.9010e-02,  2.1267e-01],
        [ 9.1712e-01,  1.6691e-02,  2.1130e-01],
        [ 9.1717e-01,  1.3055e-02,  2.1161e-01],
        [ 9.1312e-01,  9.7660e-03,  2.1502e-01],
        [ 9.1183e-01,  1.0213e-02,  2.1536e-01],
        [ 9.0865e-01,  1.0261e-02,  2.1636e-01],
        [ 9.0814e-01,  9.6095e-03,  2.1548e-01],
        [ 9.0634e-01,  1.1571e-02,  2.1429e-01],
        [ 9.0529e-01,  1.2347e-02,  2.1238e-01],
        [ 9.0311e-01,  1.4847e-02,  2.0915e-01],
        [ 9.0183e-01,  1.8242e-02,  2.1103e-01],
        [ 9.0145e-01,  2.0363e-02,  2.1150e-01],
        [ 9.0182e-01,  2.4118e-02,  2.1023e-01],
        [ 9.0423e-01,  2.4097e-02,  2.1061e-01],
        [ 9.0568e-01,  2.6523e-02,  2.1144e-01],
        [ 9.0537e-01,  2.6502e-02,  2.0899e-01],
        [ 9.0380e-01,  2.7394e-02,  2.0952e-01],
        [ 9.0400e-01,  2.7760e-02,  2.0810e-01],
        [ 9.0296e-01,  2.7087e-02,  2.0939e-01],
        [ 9.0284e-01,  2.9302e-02,  2.0793e-01],
        [ 9.0305e-01,  2.6360e-02,  2.0831e-01],
        [ 9.0594e-01,  2.6281e-02,  2.0736e-01],
        [ 9.0542e-01,  2.5193e-02,  2.0715e-01],
        [ 9.0525e-01,  2.6261e-02,  2.0797e-01],
        [ 9.0390e-01,  2.7139e-02,  2.1092e-01],
        [ 9.0387e-01,  2.5580e-02,  2.1102e-01],
        [ 9.0386e-01,  2.4990e-02,  2.1154e-01],
        [ 9.0340e-01,  2.4528e-02,  2.1195e-01],
        [ 9.0586e-01,  2.4341e-02,  2.1371e-01],
        [ 9.0497e-01,  2.3837e-02,  2.1394e-01],
        [ 9.0551e-01,  2.2292e-02,  2.1439e-01],
        [ 9.0636e-01,  2.1619e-02,  2.1480e-01],
        [ 9.0551e-01,  2.2035e-02,  2.1451e-01],
        [ 9.0531e-01,  2.0794e-02,  2.1300e-01],
        [ 9.0601e-01,  1.7499e-02,  2.1286e-01],
        [ 9.0612e-01,  1.7559e-02,  2.1254e-01],
        [ 9.0579e-01,  1.6160e-02,  2.1294e-01],
        [ 9.0710e-01,  1.5225e-02,  2.1117e-01],
        [ 9.0788e-01,  1.2696e-02,  2.0713e-01],
        [ 9.0927e-01,  1.3166e-02,  2.0499e-01],
        [ 9.0887e-01,  1.2851e-02,  2.0308e-01],
        [ 9.0864e-01,  8.4024e-03,  2.0394e-01],
        [ 9.0832e-01,  7.8301e-03,  2.0405e-01],
        [ 9.1061e-01,  1.0107e-02,  2.0401e-01],
        [ 9.1088e-01,  2.3645e-02,  2.1068e-01],
        [ 9.1886e-01,  4.0418e-02,  2.1882e-01],
        [ 9.1869e-01,  6.6627e-02,  2.1714e-01],
        [ 9.2078e-01,  9.2877e-02,  2.1270e-01],
        [ 9.2083e-01,  1.2038e-01,  2.1018e-01],
        [ 9.2674e-01,  1.3631e-01,  2.0685e-01],
        [ 9.2928e-01,  1.5231e-01,  2.0871e-01],
        [ 9.3111e-01,  1.5817e-01,  2.0762e-01],
        [ 9.2786e-01,  1.6738e-01,  2.0973e-01],
        [ 9.2694e-01,  1.6899e-01,  2.1432e-01],
        [ 9.1874e-01,  1.6268e-01,  2.2200e-01],
        [ 9.1435e-01,  1.5171e-01,  2.2104e-01],
        [ 9.1384e-01,  1.2570e-01,  2.1268e-01],
        [ 9.1788e-01,  8.8505e-02,  2.1346e-01],
        [ 9.2132e-01,  4.9625e-02,  2.1063e-01],
        [ 9.2676e-01,  4.5327e-02,  2.0815e-01],
        [ 9.2911e-01,  5.0443e-02,  2.0989e-01],
        [ 9.3284e-01,  4.9979e-02,  2.0830e-01],
        [ 9.2386e-01,  4.8639e-02,  2.1259e-01],
        [ 9.1203e-01,  4.6682e-02,  2.2404e-01],
        [ 9.0348e-01,  6.1530e-02,  2.3376e-01],
        [ 9.0239e-01,  8.8714e-02,  2.2727e-01],
        [ 9.0763e-01,  9.5505e-02,  2.2607e-01],
        [ 8.9750e-01,  8.2713e-02,  2.3240e-01],
        [ 9.0200e-01,  4.6737e-02,  2.3206e-01],
        [ 9.2305e-01,  3.6657e-02,  2.2038e-01],
        [ 9.3288e-01,  4.2464e-02,  2.0986e-01],
        [ 9.3294e-01,  4.4082e-02,  2.1345e-01],
        [ 9.3240e-01,  4.4833e-02,  2.1204e-01],
        [ 9.1692e-01,  3.9004e-02,  2.2643e-01],
        [ 9.1506e-01,  4.2431e-02,  2.2762e-01],
        [ 9.0219e-01,  7.9306e-02,  2.2589e-01],
        [ 9.0678e-01,  9.7239e-02,  2.2038e-01],
        [ 9.0818e-01,  9.2132e-02,  2.1964e-01],
        [ 9.0413e-01,  7.1298e-02,  2.2556e-01],
        [ 9.1023e-01,  3.6315e-02,  2.2278e-01],
        [ 9.1717e-01,  2.8938e-02,  2.2018e-01],
        [ 9.2874e-01,  3.4990e-02,  2.1236e-01],
        [ 9.3151e-01,  3.8903e-02,  2.1539e-01],
        [ 9.2990e-01,  4.2729e-02,  2.1239e-01],
        [ 9.1991e-01,  4.4136e-02,  2.1974e-01],
        [ 9.1477e-01,  4.4868e-02,  2.2492e-01],
        [ 9.0523e-01,  5.9916e-02,  2.2347e-01],
        [ 9.0531e-01,  8.6807e-02,  2.1988e-01],
        [ 9.1247e-01,  1.1235e-01,  2.0917e-01],
        [ 9.1131e-01,  1.1428e-01,  2.1184e-01],
        [ 9.0919e-01,  1.0350e-01,  2.1446e-01],
        [ 9.0868e-01,  7.5555e-02,  2.1896e-01],
        [ 9.1763e-01,  3.5582e-02,  2.1754e-01],
        [ 9.3135e-01,  3.4297e-02,  2.0686e-01],
        [ 9.3844e-01,  3.8912e-02,  2.0470e-01],
        [ 9.4090e-01,  4.2504e-02,  2.0163e-01],
        [ 9.3767e-01,  4.2568e-02,  2.0159e-01],
        [ 9.3038e-01,  4.2127e-02,  2.0300e-01],
        [ 9.1772e-01,  4.3781e-02,  2.1352e-01],
        [ 9.1258e-01,  5.2067e-02,  2.1811e-01],
        [ 9.0574e-01,  8.2647e-02,  2.1312e-01],
        [ 9.0836e-01,  1.1064e-01,  2.0671e-01],
        [ 9.1157e-01,  1.3265e-01,  2.1095e-01],
        [ 9.1167e-01,  1.4609e-01,  2.0925e-01],
        [ 9.1519e-01,  1.4797e-01,  2.1066e-01],
        [ 9.1644e-01,  1.4419e-01,  2.1583e-01],
        [ 9.1789e-01,  1.4061e-01,  2.1397e-01],
        [ 9.2543e-01,  1.3275e-01,  2.0853e-01],
        [ 9.2962e-01,  1.2748e-01,  2.0526e-01],
        [ 9.2179e-01,  1.2026e-01,  2.0437e-01],
        [ 9.1329e-01,  1.0836e-01,  2.0061e-01],
        [ 9.0747e-01,  9.8053e-02,  2.0007e-01],
        [ 9.0717e-01,  9.3238e-02,  2.0341e-01],
        [ 9.0372e-01,  8.0356e-02,  2.0634e-01],
        [ 9.0742e-01,  5.7767e-02,  2.1223e-01],
        [ 9.1540e-01,  4.3655e-02,  2.0831e-01],
        [ 9.1426e-01,  1.7393e-02,  2.0055e-01],
        [ 9.1469e-01, -1.5741e-03,  2.0247e-01],
        [ 9.1990e-01, -8.8797e-03,  2.0075e-01],
        [ 9.2246e-01, -1.6504e-02,  1.9549e-01],
        [ 9.2294e-01, -1.7129e-02,  1.9178e-01],
        [ 9.2458e-01, -1.2214e-02,  1.9131e-01],
        [ 9.2052e-01, -9.0750e-03,  1.9464e-01],
        [ 9.1633e-01, -5.3653e-03,  1.9541e-01],
        [ 9.1207e-01, -4.9026e-03,  1.9613e-01],
        [ 9.1101e-01, -9.0613e-04,  1.8754e-01],
        [ 9.1879e-01,  9.9583e-03,  1.7804e-01],
        [ 9.1893e-01,  1.2517e-02,  1.7315e-01],
        [ 9.2261e-01,  1.6720e-02,  1.7803e-01],
        [ 9.2760e-01,  1.9623e-02,  1.8156e-01],
        [ 9.2807e-01,  1.3936e-02,  1.8116e-01],
        [ 9.2325e-01,  5.4133e-03,  1.8004e-01],
        [ 9.2457e-01, -1.9368e-02,  1.6490e-01],
        [ 9.2570e-01, -4.1155e-02,  1.6594e-01],
        [ 9.3034e-01, -5.9211e-02,  1.6142e-01],
        [ 9.3990e-01, -7.2236e-02,  1.6058e-01],
        [ 9.3885e-01, -8.0970e-02,  1.6598e-01],
        [ 9.4143e-01, -9.7872e-02,  1.7341e-01],
        [ 9.3275e-01, -1.1318e-01,  1.7859e-01],
        [ 9.3454e-01, -1.2433e-01,  1.8446e-01],
        [ 9.3704e-01, -1.3311e-01,  1.8410e-01],
        [ 9.3573e-01, -1.4299e-01,  1.7951e-01],
        [ 9.3783e-01, -1.4952e-01,  1.7730e-01],
        [ 9.3655e-01, -1.5556e-01,  1.7266e-01],
        [ 9.3843e-01, -1.5740e-01,  1.7038e-01],
        [ 9.3996e-01, -1.5835e-01,  1.6908e-01],
        [ 9.3957e-01, -1.6183e-01,  1.6808e-01],
        [ 9.4017e-01, -1.6488e-01,  1.6686e-01],
        [ 9.4083e-01, -1.7028e-01,  1.6653e-01],
        [ 9.4044e-01, -1.7462e-01,  1.6633e-01],
        [ 9.4272e-01, -1.7361e-01,  1.6596e-01],
        [ 9.4224e-01, -1.7756e-01,  1.6532e-01],
        [ 9.4328e-01, -1.7896e-01,  1.6403e-01],
        [ 9.4383e-01, -1.7772e-01,  1.6623e-01],
        [ 9.4655e-01, -1.7514e-01,  1.6795e-01],
        [ 9.4849e-01, -1.7545e-01,  1.6888e-01],
        [ 9.5270e-01, -1.7315e-01,  1.7168e-01],
        [ 9.5432e-01, -1.7424e-01,  1.7143e-01],
        [ 9.5367e-01, -1.7287e-01,  1.7299e-01],
        [ 9.5282e-01, -1.7229e-01,  1.7271e-01],
        [ 9.5251e-01, -1.6640e-01,  1.7595e-01],
        [ 9.4755e-01, -1.6457e-01,  1.7687e-01],
        [ 9.4447e-01, -1.5647e-01,  1.7306e-01],
        [ 9.4947e-01, -1.4521e-01,  1.7779e-01],
        [ 9.4771e-01, -1.3023e-01,  1.7928e-01],
        [ 9.4603e-01, -1.2006e-01,  1.8228e-01],
        [ 9.4781e-01, -1.0626e-01,  1.8203e-01],
        [ 9.4563e-01, -9.8679e-02,  1.8310e-01],
        [ 9.4836e-01, -1.0419e-01,  1.8043e-01],
        [ 9.4950e-01, -1.0776e-01,  1.8093e-01],
        [ 9.4837e-01, -1.0948e-01,  1.7940e-01],
        [ 9.4659e-01, -1.0412e-01,  1.8087e-01],
        [ 9.4765e-01, -8.6558e-02,  1.8506e-01],
        [ 9.4129e-01, -6.4013e-02,  1.8633e-01],
        [ 9.3000e-01, -3.8724e-02,  1.9104e-01],
        [ 9.1616e-01, -2.9676e-02,  1.8884e-01],
        [ 9.0262e-01, -2.2031e-02,  1.9041e-01],
        [ 8.9703e-01, -1.5069e-02,  1.9824e-01],
        [ 9.0191e-01, -1.0688e-02,  2.0040e-01],
        [ 9.0024e-01, -5.3018e-03,  2.0294e-01],
        [ 9.0202e-01,  2.0084e-03,  2.0397e-01],
        [ 8.9957e-01,  7.2797e-03,  2.0335e-01],
        [ 8.9888e-01,  1.3083e-02,  2.0518e-01],
        [ 8.9887e-01,  1.7019e-02,  2.0960e-01],
        [ 8.9854e-01,  2.2506e-02,  2.1007e-01],
        [ 8.9805e-01,  2.4536e-02,  2.1071e-01],
        [ 8.9511e-01,  2.5590e-02,  2.1032e-01],
        [ 8.9434e-01,  2.4397e-02,  2.0919e-01],
        [ 8.9412e-01,  2.3407e-02,  2.0772e-01],
        [ 8.9508e-01,  2.1058e-02,  2.0767e-01],
        [ 8.9627e-01,  2.1100e-02,  2.0565e-01],
        [ 8.9676e-01,  2.3841e-02,  2.0537e-01],
        [ 9.0073e-01,  2.7901e-02,  2.0308e-01],
        [ 9.0640e-01,  3.1178e-02,  2.0083e-01],
        [ 9.0944e-01,  3.3943e-02,  1.9913e-01],
        [ 9.1569e-01,  3.8128e-02,  1.9892e-01],
        [ 9.2143e-01,  3.9410e-02,  1.9595e-01],
        [ 9.2414e-01,  4.3021e-02,  1.9268e-01],
        [ 9.3127e-01,  4.3791e-02,  1.9343e-01],
        [ 9.3169e-01,  4.0749e-02,  1.9498e-01],
        [ 9.3269e-01,  4.0123e-02,  1.9415e-01],
        [ 9.3422e-01,  3.9352e-02,  1.9337e-01],
        [ 9.3719e-01,  4.1413e-02,  1.9529e-01],
        [ 9.4282e-01,  4.3397e-02,  2.0047e-01],
        [ 9.4141e-01,  5.5705e-02,  1.9739e-01],
        [ 9.4260e-01,  7.4711e-02,  1.9970e-01],
        [ 9.4543e-01,  8.3696e-02,  2.0281e-01],
        [ 9.4581e-01,  9.8911e-02,  2.0242e-01],
        [ 9.5983e-01,  1.0974e-01,  2.0090e-01],
        [ 9.6455e-01,  1.2398e-01,  1.9668e-01],
        [ 9.7072e-01,  1.4006e-01,  1.9463e-01],
        [ 9.7678e-01,  1.6316e-01,  1.9318e-01],
        [ 9.8051e-01,  1.7753e-01,  1.9457e-01],
        [ 9.7730e-01,  1.9245e-01,  1.9404e-01],
        [ 9.7953e-01,  1.9679e-01,  1.9415e-01],
        [ 9.7794e-01,  1.9830e-01,  2.0005e-01],
        [ 9.7538e-01,  2.0200e-01,  2.0158e-01],
        [ 9.7576e-01,  2.0280e-01,  1.9939e-01],
        [ 9.7582e-01,  2.0210e-01,  1.9967e-01],
        [ 9.7838e-01,  1.9897e-01,  1.9952e-01],
        [ 9.8199e-01,  1.9821e-01,  2.0146e-01],
        [ 9.7951e-01,  2.0096e-01,  2.0077e-01],
        [ 9.7827e-01,  2.0426e-01,  1.9770e-01],
        [ 9.7445e-01,  2.0565e-01,  1.9814e-01],
        [ 9.7631e-01,  2.0801e-01,  1.9676e-01],
        [ 9.7704e-01,  2.0785e-01,  1.9478e-01],
        [ 9.7543e-01,  2.0700e-01,  1.9227e-01],
        [ 9.7842e-01,  2.0657e-01,  1.9134e-01],
        [ 9.8032e-01,  2.0463e-01,  1.8987e-01],
        [ 9.7934e-01,  2.0617e-01,  1.8837e-01],
        [ 9.8069e-01,  2.0311e-01,  1.8670e-01],
        [ 9.7956e-01,  1.9848e-01,  1.9178e-01],
        [ 9.7655e-01,  1.8750e-01,  1.9674e-01],
        [ 9.7563e-01,  1.7304e-01,  1.9530e-01],
        [ 9.7710e-01,  1.6478e-01,  1.9537e-01],
        [ 9.7355e-01,  1.5610e-01,  1.9240e-01],
        [ 9.7392e-01,  1.4741e-01,  1.9092e-01],
        [ 9.7358e-01,  1.4128e-01,  1.9194e-01],
        [ 9.7302e-01,  1.3856e-01,  1.9259e-01],
        [ 9.7287e-01,  1.3357e-01,  1.9415e-01],
        [ 9.7281e-01,  1.3338e-01,  1.9899e-01],
        [ 9.7104e-01,  1.3257e-01,  2.0296e-01],
        [ 9.7221e-01,  1.3186e-01,  2.0126e-01],
        [ 9.7255e-01,  1.3207e-01,  2.0122e-01],
        [ 9.6570e-01,  1.3616e-01,  2.0365e-01],
        [ 9.6551e-01,  1.3833e-01,  2.0355e-01],
        [ 9.5855e-01,  1.4276e-01,  2.0477e-01],
        [ 9.5895e-01,  1.3507e-01,  2.0337e-01],
        [ 9.5357e-01,  1.2537e-01,  2.0362e-01],
        [ 9.4749e-01,  1.1589e-01,  2.0679e-01],
        [ 9.3538e-01,  1.0232e-01,  2.1221e-01],
        [ 9.3311e-01,  8.7648e-02,  2.1693e-01],
        [ 9.3147e-01,  7.8655e-02,  2.1938e-01],
        [ 9.2593e-01,  7.1172e-02,  2.2120e-01],
        [ 9.2537e-01,  6.0038e-02,  2.1722e-01],
        [ 9.2202e-01,  5.5013e-02,  2.1197e-01],
        [ 9.1688e-01,  5.4912e-02,  2.0837e-01],
        [ 9.1708e-01,  5.3151e-02,  2.0547e-01],
        [ 9.1612e-01,  6.1740e-02,  2.0975e-01],
        [ 9.1576e-01,  5.7877e-02,  2.0868e-01],
        [ 9.1869e-01,  5.2773e-02,  2.0549e-01],
        [ 9.1839e-01,  4.6110e-02,  2.0505e-01],
        [ 9.1883e-01,  3.8525e-02,  2.0186e-01],
        [ 9.2315e-01,  3.0257e-02,  2.0225e-01],
        [ 9.2516e-01,  2.6693e-02,  2.0319e-01],
        [ 9.2689e-01,  2.5161e-02,  2.0126e-01],
        [ 9.2680e-01,  2.4272e-02,  1.9803e-01],
        [ 9.2114e-01,  2.3943e-02,  1.9744e-01],
        [ 9.1743e-01,  1.3485e-02,  1.9188e-01],
        [ 9.2245e-01, -1.0334e-02,  1.8908e-01],
        [ 9.2845e-01, -4.2593e-02,  1.8625e-01],
        [ 9.2951e-01, -7.3011e-02,  1.8547e-01],
        [ 9.3549e-01, -8.6797e-02,  1.8485e-01],
        [ 9.3829e-01, -9.8505e-02,  1.9154e-01],
        [ 9.4016e-01, -1.0114e-01,  1.9510e-01],
        [ 9.4203e-01, -1.0146e-01,  1.9384e-01],
        [ 9.4585e-01, -8.6468e-02,  1.8813e-01],
        [ 9.4949e-01, -8.0731e-02,  1.8036e-01],
        [ 9.4803e-01, -6.5990e-02,  1.7076e-01],
        [ 9.4674e-01, -5.4206e-02,  1.5393e-01],
        [ 9.4970e-01, -4.5737e-02,  1.3813e-01],
        [ 9.5054e-01, -2.5755e-02,  1.2765e-01],
        [ 9.7764e-01, -1.5617e-03,  1.2400e-01],
        [ 9.8246e-01, -2.2904e-02,  1.1411e-01],
        [ 9.8210e-01, -5.3375e-02,  1.1363e-01],
        [ 9.8155e-01, -8.0768e-02,  1.1007e-01],
        [ 9.8744e-01, -9.3666e-02,  1.0425e-01],
        [ 1.0052e+00, -9.1953e-02,  9.3967e-02],
        [ 1.0161e+00, -8.0767e-02,  9.4679e-02],
        [ 1.0275e+00, -6.3120e-02,  1.0416e-01],
        [ 1.0388e+00, -2.7796e-02,  1.1102e-01],
        [ 1.0625e+00,  7.9838e-03,  1.1427e-01],
        [ 1.0794e+00,  4.6494e-02,  1.1725e-01],
        [ 1.0862e+00,  8.0590e-02,  1.1804e-01],
        [ 1.1018e+00,  9.2802e-02,  1.2372e-01],
        [ 1.1007e+00,  1.0700e-01,  1.2500e-01],
        [ 1.1104e+00,  1.2096e-01,  1.3067e-01],
        [ 1.1130e+00,  1.3265e-01,  1.3095e-01],
        [ 1.1192e+00,  1.3572e-01,  1.3201e-01],
        [ 1.1268e+00,  1.3812e-01,  1.3082e-01],
        [ 1.1279e+00,  1.3864e-01,  1.3518e-01],
        [ 1.1354e+00,  1.3914e-01,  1.3855e-01],
        [ 1.1375e+00,  1.4046e-01,  1.3972e-01],
        [ 1.1369e+00,  1.3832e-01,  1.3977e-01],
        [ 1.1324e+00,  1.3512e-01,  1.3827e-01],
        [ 1.1271e+00,  1.3224e-01,  1.3921e-01],
        [ 1.1195e+00,  1.2563e-01,  1.3762e-01],
        [ 1.1078e+00,  1.1996e-01,  1.3802e-01],
        [ 1.1069e+00,  1.0847e-01,  1.3471e-01],
        [ 1.0918e+00,  9.5498e-02,  1.2929e-01],
        [ 1.0664e+00,  8.7754e-02,  1.2972e-01],
        [ 1.0573e+00,  7.5919e-02,  1.1970e-01],
        [ 1.0429e+00,  6.3865e-02,  1.1230e-01],
        [ 1.0201e+00,  5.6829e-02,  1.2154e-01],
        [ 9.9194e-01,  3.2128e-02,  1.2386e-01],
        [ 9.8122e-01,  6.7759e-03,  1.1538e-01],
        [ 9.7979e-01, -1.1672e-02,  1.0507e-01],
        [ 9.7507e-01, -5.6142e-02,  1.1087e-01],
        [ 9.7082e-01, -7.4334e-02,  1.1375e-01],
        [ 9.5923e-01, -9.4098e-02,  1.1950e-01],
        [ 9.6476e-01, -1.2755e-01,  1.3503e-01],
        [ 9.5589e-01, -1.4432e-01,  1.3318e-01],
        [ 9.3827e-01, -1.4193e-01,  1.3858e-01],
        [ 9.3973e-01, -1.1116e-01,  1.4119e-01],
        [ 9.4038e-01, -8.6863e-02,  1.5367e-01],
        [ 9.2953e-01, -9.6999e-02,  1.6255e-01],
        [ 9.3649e-01, -1.1506e-01,  1.7366e-01],
        [ 9.2871e-01, -1.1797e-01,  1.8463e-01],
        [ 9.2919e-01, -1.1387e-01,  1.8409e-01],
        [ 9.2480e-01, -1.0275e-01,  1.8067e-01],
        [ 9.2665e-01, -9.2113e-02,  1.8175e-01],
        [ 9.2035e-01, -7.9890e-02,  1.8394e-01],
        [ 9.2696e-01, -6.5315e-02,  1.8082e-01],
        [ 9.3926e-01, -5.8754e-02,  1.8020e-01],
        [ 9.3968e-01, -4.8175e-02,  1.7915e-01],
        [ 9.3948e-01, -3.0960e-02,  1.8022e-01],
        [ 9.3649e-01, -2.3474e-02,  1.8693e-01],
        [ 9.3485e-01, -1.2403e-02,  1.8655e-01],
        [ 9.3545e-01, -8.1705e-04,  1.8942e-01],
        [ 9.3164e-01, -3.8880e-03,  1.9183e-01],
        [ 9.3410e-01, -1.1104e-02,  1.9202e-01],
        [ 9.3936e-01, -1.1303e-02,  1.8755e-01],
        [ 9.4409e-01, -7.7976e-03,  1.8680e-01],
        [ 9.4491e-01, -3.4781e-05,  1.8196e-01],
        [ 9.4669e-01,  2.2840e-03,  1.7550e-01],
        [ 9.4768e-01,  4.0942e-03,  1.7604e-01],
        [ 9.4854e-01,  3.4967e-03,  1.7814e-01],
        [ 9.5150e-01,  2.2367e-03,  1.8251e-01],
        [ 9.5486e-01,  3.1470e-03,  1.8217e-01],
        [ 9.5431e-01,  1.1485e-02,  1.8126e-01],
        [ 9.6149e-01,  2.0187e-02,  1.7800e-01],
        [ 9.6133e-01,  9.0229e-03,  1.6951e-01],
        [ 9.6412e-01, -7.8120e-03,  1.6687e-01],
        [ 9.5971e-01, -1.0415e-02,  1.6894e-01],
        [ 9.4295e-01, -1.4810e-02,  1.7728e-01],
        [ 9.2690e-01, -2.7809e-02,  1.8011e-01],
        [ 9.1504e-01, -3.9420e-02,  1.6872e-01],
        [ 9.0731e-01, -3.9802e-02,  1.6869e-01],
        [ 9.1853e-01, -3.8930e-02,  1.6443e-01],
        [ 9.3929e-01, -2.5129e-02,  1.8726e-01],
        [ 9.7245e-01, -8.3785e-03,  2.0462e-01],
        [ 9.9069e-01,  5.1269e-02,  2.0841e-01],
        [ 9.9132e-01,  9.9052e-02,  2.1112e-01],
        [ 9.9769e-01,  1.1946e-01,  1.8191e-01],
        [ 1.0141e+00,  1.2282e-01,  1.9305e-01],
        [ 1.0187e+00,  1.1702e-01,  1.8478e-01],
        [ 1.0321e+00,  1.1544e-01,  1.9808e-01],
        [ 1.0432e+00,  1.1246e-01,  1.9119e-01],
        [ 1.0529e+00,  1.0084e-01,  1.9829e-01],
        [ 1.0571e+00,  7.2896e-02,  1.9157e-01],
        [ 1.0791e+00,  4.5343e-02,  2.0437e-01],
        [ 1.0894e+00,  1.2758e-02,  1.9888e-01],
        [ 1.1024e+00, -1.1653e-02,  1.9740e-01],
        [ 1.1079e+00, -1.5556e-02,  2.0585e-01],
        [ 1.1248e+00, -7.5662e-04,  2.0649e-01],
        [ 1.1286e+00, -4.6007e-03,  2.1346e-01],
        [ 1.1447e+00, -1.9730e-02,  2.1575e-01],
        [ 1.1525e+00, -2.8891e-02,  2.1482e-01],
        [ 1.1451e+00, -4.0096e-02,  2.1936e-01],
        [ 1.1432e+00, -4.6491e-02,  2.2147e-01],
        [ 1.1371e+00, -5.0166e-02,  2.2178e-01],
        [ 1.1338e+00, -4.9390e-02,  2.2286e-01],
        [ 1.1224e+00, -4.3438e-02,  2.1857e-01],
        [ 1.1102e+00, -3.9840e-02,  2.1324e-01],
        [ 1.1014e+00, -3.4997e-02,  2.0619e-01],
        [ 1.0939e+00, -2.8226e-02,  1.9661e-01],
        [ 1.0831e+00, -2.5740e-02,  1.9456e-01],
        [ 1.0631e+00, -1.9372e-02,  1.9711e-01],
        [ 1.0485e+00, -1.1687e-02,  1.9008e-01],
        [ 1.0247e+00,  2.7981e-03,  1.8413e-01],
        [ 1.0068e+00,  2.5542e-02,  1.7782e-01],
        [ 1.0014e+00,  6.3353e-02,  1.7343e-01],
        [ 9.8024e-01,  9.0802e-02,  1.7908e-01],
        [ 9.6176e-01,  1.2194e-01,  1.7584e-01],
        [ 9.5294e-01,  1.4933e-01,  1.7676e-01],
        [ 9.5553e-01,  1.7655e-01,  1.7072e-01],
        [ 9.5297e-01,  1.9719e-01,  1.7112e-01],
        [ 9.4913e-01,  2.1637e-01,  1.7375e-01],
        [ 9.4438e-01,  2.3616e-01,  1.7920e-01],
        [ 9.4145e-01,  2.4249e-01,  1.8463e-01],
        [ 9.4304e-01,  2.3443e-01,  1.8351e-01],
        [ 9.3824e-01,  2.1746e-01,  2.0076e-01],
        [ 9.3152e-01,  1.9539e-01,  2.0804e-01],
        [ 9.2197e-01,  1.7253e-01,  2.0351e-01],
        [ 9.1692e-01,  1.4244e-01,  2.0494e-01],
        [ 9.0990e-01,  1.0834e-01,  1.9764e-01],
        [ 9.1609e-01,  1.0198e-01,  1.8633e-01],
        [ 9.2934e-01,  1.0991e-01,  1.8998e-01],
        [ 9.2869e-01,  1.1774e-01,  1.8720e-01],
        [ 9.2655e-01,  1.1928e-01,  1.8897e-01],
        [ 9.4001e-01,  9.9289e-02,  1.7630e-01],
        [ 9.3439e-01,  8.2286e-02,  1.7671e-01],
        [ 9.2821e-01,  5.1560e-02,  1.7730e-01],
        [ 9.2566e-01,  1.8292e-02,  1.8126e-01],
        [ 9.1552e-01,  5.8776e-04,  1.7206e-01],
        [ 9.1062e-01, -1.7869e-02,  1.7319e-01],
        [ 9.0950e-01, -3.4007e-02,  1.7875e-01],
        [ 9.0902e-01, -3.8684e-02,  1.8566e-01],
        [ 9.1244e-01, -3.8470e-02,  1.8865e-01],
        [ 9.1516e-01, -3.5115e-02,  1.8927e-01],
        [ 9.1766e-01, -3.5566e-02,  1.9365e-01],
        [ 9.1368e-01, -3.0923e-02,  1.9421e-01],
        [ 9.1522e-01, -2.4335e-02,  1.9256e-01],
        [ 9.2415e-01, -2.0467e-02,  1.8516e-01],
        [ 9.1905e-01, -9.9254e-03,  1.8613e-01],
        [ 9.2083e-01, -2.3397e-03,  1.8503e-01],
        [ 9.1735e-01,  1.0617e-02,  1.8620e-01],
        [ 9.1867e-01,  2.5004e-02,  1.8609e-01],
        [ 9.1571e-01,  3.6234e-02,  1.9122e-01],
        [ 9.1159e-01,  4.1663e-02,  1.9104e-01],
        [ 9.1237e-01,  4.2136e-02,  1.9435e-01],
        [ 9.1463e-01,  3.9670e-02,  1.9452e-01],
        [ 9.1959e-01,  3.1514e-02,  1.9582e-01],
        [ 9.2128e-01,  1.9972e-02,  1.9992e-01],
        [ 9.2527e-01,  1.6548e-02,  1.9979e-01],
        [ 9.2384e-01,  3.0838e-02,  1.9533e-01],
        [ 9.2199e-01,  4.7454e-02,  2.0048e-01],
        [ 9.2081e-01,  5.8852e-02,  2.0151e-01],
        [ 9.1843e-01,  5.9915e-02,  1.9701e-01],
        [ 9.2848e-01,  7.3437e-02,  1.9313e-01],
        [ 9.3603e-01,  7.7822e-02,  1.9192e-01],
        [ 9.4271e-01,  7.3086e-02,  1.9183e-01],
        [ 9.5485e-01,  5.7626e-02,  1.9872e-01],
        [ 9.5951e-01,  4.6010e-02,  1.9753e-01],
        [ 9.5938e-01,  2.9108e-02,  1.9729e-01],
        [ 9.5867e-01,  6.7169e-03,  1.9600e-01],
        [ 9.6509e-01, -1.0033e-02,  1.9850e-01],
        [ 9.6745e-01, -1.9257e-02,  2.0119e-01],
        [ 9.6519e-01, -3.5934e-02,  2.0156e-01],
        [ 9.6179e-01, -4.2231e-02,  1.9968e-01],
        [ 9.5775e-01, -4.3661e-02,  1.9856e-01],
        [ 9.4869e-01, -3.4551e-02,  1.9353e-01],
        [ 9.3816e-01, -2.7223e-02,  1.9067e-01],
        [ 9.3420e-01, -1.0966e-02,  1.8849e-01],
        [ 9.3057e-01,  4.5168e-03,  1.8666e-01],
        [ 9.2992e-01,  2.2116e-02,  1.8358e-01],
        [ 9.3848e-01,  3.6283e-02,  1.9060e-01],
        [ 9.5753e-01,  7.8587e-02,  2.0679e-01],
        [ 9.6315e-01,  9.4223e-02,  2.0052e-01],
        [ 9.5133e-01,  8.8773e-02,  2.0302e-01],
        [ 9.5240e-01,  1.0640e-01,  2.0670e-01],
        [ 9.5318e-01,  1.3914e-01,  1.9638e-01],
        [ 9.5367e-01,  1.4381e-01,  1.8832e-01],
        [ 9.6887e-01,  1.4758e-01,  1.8033e-01],
        [ 9.8387e-01,  1.5311e-01,  1.6995e-01],
        [ 9.7956e-01,  1.5171e-01,  1.7029e-01],
        [ 9.7720e-01,  1.4240e-01,  1.6529e-01],
        [ 9.7779e-01,  1.2617e-01,  1.6316e-01],
        [ 9.6559e-01,  9.5005e-02,  1.6167e-01],
        [ 9.7262e-01,  7.1515e-02,  1.6101e-01],
        [ 9.7875e-01,  3.9725e-02,  1.5766e-01],
        [ 9.8147e-01,  1.6353e-02,  1.5119e-01],
        [ 9.8280e-01, -1.7133e-02,  1.5228e-01],
        [ 9.8603e-01, -5.0217e-02,  1.5540e-01],
        [ 9.7940e-01, -8.0319e-02,  1.5259e-01],
        [ 9.7192e-01, -9.9932e-02,  1.5399e-01],
        [ 9.6645e-01, -1.2279e-01,  1.5396e-01],
        [ 9.5771e-01, -1.4049e-01,  1.5621e-01],
        [ 9.6106e-01, -1.5065e-01,  1.5144e-01],
        [ 9.5326e-01, -1.6119e-01,  1.5171e-01],
        [ 9.4801e-01, -1.6636e-01,  1.4596e-01],
        [ 9.4135e-01, -1.3871e-01,  1.5348e-01],
        [ 9.3536e-01, -1.1955e-01,  1.6622e-01],
        [ 9.3221e-01, -1.0443e-01,  1.6184e-01],
        [ 9.3015e-01, -7.4576e-02,  1.5634e-01],
        [ 9.3222e-01, -5.6164e-02,  1.4487e-01],
        [ 9.3932e-01, -2.8579e-02,  1.3849e-01],
        [ 9.4990e-01, -1.1609e-02,  1.3399e-01],
        [ 9.5539e-01, -3.3274e-02,  1.3775e-01],
        [ 9.2789e-01, -5.5830e-02,  1.7311e-01],
        [ 9.4568e-01, -7.6199e-02,  1.7614e-01],
        [ 9.5067e-01, -7.6728e-02,  1.7497e-01],
        [ 9.4739e-01, -6.3599e-02,  1.7893e-01],
        [ 9.4973e-01, -5.0233e-02,  1.7715e-01],
        [ 9.6626e-01, -3.6005e-02,  1.7305e-01],
        [ 9.6577e-01, -2.2408e-02,  1.6716e-01],
        [ 9.6450e-01, -1.4195e-02,  1.5949e-01],
        [ 9.5642e-01, -5.5778e-03,  1.5889e-01],
        [ 9.5865e-01,  1.5787e-03,  1.6074e-01],
        [ 9.5561e-01,  7.9606e-03,  1.5600e-01],
        [ 9.5451e-01,  1.6331e-02,  1.5103e-01],
        [ 9.4896e-01,  1.7970e-02,  1.5632e-01],
        [ 9.4818e-01,  2.3247e-02,  1.5587e-01],
        [ 9.3853e-01,  2.1559e-02,  1.5717e-01],
        [ 9.4312e-01,  2.1487e-02,  1.6814e-01],
        [ 9.4188e-01,  2.2199e-02,  1.7526e-01],
        [ 9.4459e-01,  2.1690e-02,  1.7846e-01],
        [ 9.4236e-01,  2.0516e-02,  1.8339e-01],
        [ 9.3900e-01,  1.8214e-02,  1.8547e-01],
        [ 9.3869e-01,  1.9180e-02,  1.8869e-01],
        [ 9.3778e-01,  1.9473e-02,  1.9204e-01],
        [ 9.3719e-01,  2.3341e-02,  1.9855e-01],
        [ 9.3450e-01,  2.4001e-02,  1.9844e-01],
        [ 9.3072e-01,  2.2971e-02,  2.0055e-01],
        [ 9.3156e-01,  2.4752e-02,  2.0442e-01],
        [ 9.3404e-01,  3.2607e-02,  2.0313e-01],
        [ 9.2678e-01,  4.8966e-02,  2.1137e-01],
        [ 9.2033e-01,  5.1308e-02,  2.1331e-01],
        [ 9.2313e-01,  5.8819e-02,  2.1347e-01],
        [ 9.1875e-01,  6.2010e-02,  2.1284e-01],
        [ 9.1472e-01,  7.0736e-02,  2.1360e-01],
        [ 9.0924e-01,  6.7253e-02,  2.1436e-01],
        [ 9.0929e-01,  6.3742e-02,  2.1105e-01],
        [ 9.0889e-01,  6.4388e-02,  2.1056e-01],
        [ 9.1028e-01,  5.8869e-02,  2.1040e-01],
        [ 9.1532e-01,  3.7337e-02,  2.0567e-01],
        [ 9.1471e-01,  3.0279e-02,  2.0649e-01],
        [ 9.0956e-01,  2.1021e-02,  2.0363e-01],
        [ 9.0312e-01,  1.4672e-02,  2.0881e-01],
        [ 9.0465e-01,  1.3591e-02,  2.0472e-01],
        [ 9.0289e-01,  9.9846e-03,  2.0642e-01],
        [ 9.0125e-01,  8.4807e-03,  2.0679e-01],
        [ 9.0048e-01,  1.0772e-02,  2.0559e-01],
        [ 9.0151e-01,  1.4809e-02,  2.0864e-01],
        [ 8.9969e-01,  1.7383e-02,  2.1303e-01],
        [ 9.0148e-01,  1.6966e-02,  2.1528e-01],
        [ 9.0732e-01,  8.4703e-03,  2.1991e-01],
        [ 9.0656e-01,  1.4681e-02,  2.1918e-01],
        [ 9.0692e-01,  1.9555e-02,  2.1864e-01],
        [ 9.0460e-01,  2.2530e-02,  2.1241e-01],
        [ 9.0777e-01,  2.6797e-02,  2.1448e-01],
        [ 9.1249e-01,  3.0017e-02,  2.1238e-01],
        [ 9.1859e-01,  2.9538e-02,  2.1567e-01],
        [ 9.2138e-01,  2.8478e-02,  2.1188e-01],
        [ 9.2371e-01,  3.1973e-02,  2.1223e-01],
        [ 9.3019e-01,  3.4286e-02,  2.0687e-01],
        [ 9.2909e-01,  3.6992e-02,  2.0455e-01],
        [ 9.3650e-01,  3.5384e-02,  1.9633e-01],
        [ 9.4006e-01,  3.5748e-02,  1.9396e-01],
        [ 9.4973e-01,  3.5269e-02,  1.8738e-01],
        [ 9.5324e-01,  2.0551e-02,  1.8476e-01],
        [ 9.4538e-01,  5.2024e-03,  1.8207e-01],
        [ 9.5043e-01,  5.3809e-03,  1.8114e-01],
        [ 9.5255e-01,  5.4287e-03,  1.7667e-01],
        [ 9.6031e-01,  6.4070e-03,  1.7279e-01],
        [ 9.5841e-01,  8.4246e-03,  1.7206e-01],
        [ 9.4835e-01,  9.0803e-03,  1.7577e-01],
        [ 9.4523e-01,  6.0317e-03,  1.8386e-01],
        [ 9.4078e-01,  8.0192e-03,  1.8194e-01],
        [ 9.5712e-01,  2.2132e-02,  1.7903e-01],
        [ 9.6033e-01,  2.5393e-02,  1.7659e-01],
        [ 9.5556e-01,  1.5924e-02,  1.7928e-01],
        [ 9.4847e-01,  1.6215e-02,  1.8172e-01],
        [ 9.5114e-01,  6.6444e-03,  1.7984e-01],
        [ 9.4659e-01,  6.1482e-04,  1.8307e-01],
        [ 9.5382e-01, -2.5479e-03,  1.7893e-01],
        [ 9.6151e-01, -4.0323e-03,  1.7855e-01],
        [ 9.5665e-01, -4.4746e-03,  1.8731e-01],
        [ 9.5397e-01, -4.8213e-03,  1.8770e-01],
        [ 9.4978e-01,  5.8410e-03,  1.8540e-01],
        [ 9.6266e-01,  1.3998e-02,  1.7820e-01],
        [ 9.6238e-01,  9.4157e-03,  1.7490e-01],
        [ 9.6203e-01,  5.5724e-03,  1.7761e-01],
        [ 9.6049e-01,  3.9224e-03,  1.8364e-01],
        [ 9.5657e-01, -1.1847e-03,  1.8553e-01],
        [ 9.5713e-01,  5.2120e-04,  1.8574e-01],
        [ 9.6417e-01, -1.9735e-03,  1.8381e-01],
        [ 9.5861e-01, -3.0897e-03,  1.8706e-01],
        [ 9.5243e-01, -3.1367e-03,  1.8828e-01],
        [ 9.5290e-01,  4.1269e-04,  1.8845e-01],
        [ 9.5871e-01,  1.4175e-02,  1.8764e-01],
        [ 9.6567e-01,  1.6597e-02,  1.8585e-01],
        [ 9.5733e-01,  1.6948e-02,  1.9372e-01],
        [ 9.5427e-01,  1.0267e-03,  1.8740e-01],
        [ 9.5667e-01,  1.2728e-03,  1.8656e-01],
        [ 9.5949e-01,  3.3560e-04,  1.8631e-01],
        [ 9.5992e-01, -4.4467e-04,  1.8604e-01],
        [ 9.5523e-01,  2.5897e-03,  1.9143e-01],
        [ 9.5135e-01,  3.6970e-03,  1.9118e-01],
        [ 9.4869e-01,  1.4137e-02,  1.9110e-01],
        [ 9.6241e-01,  2.7252e-02,  1.8614e-01],
        [ 9.6313e-01,  3.1664e-02,  1.8484e-01],
        [ 9.6303e-01,  3.1227e-02,  1.8753e-01],
        [ 9.5634e-01,  1.6189e-02,  1.9138e-01],
        [ 9.5680e-01,  2.9587e-03,  1.8929e-01],
        [ 9.6522e-01,  2.6041e-03,  1.8722e-01],
        [ 9.6641e-01,  6.1642e-04,  1.8504e-01],
        [ 9.5905e-01,  2.0052e-03,  1.8902e-01],
        [ 9.4852e-01,  5.8783e-03,  1.9201e-01],
        [ 9.3786e-01,  1.0211e-02,  1.9234e-01],
        [ 9.4940e-01,  2.8166e-02,  1.8873e-01],
        [ 9.5130e-01,  5.0416e-02,  1.9020e-01],
        [ 9.5173e-01,  5.8475e-02,  1.9009e-01],
        [ 9.4901e-01,  6.5927e-02,  1.8955e-01],
        [ 9.4423e-01,  6.4332e-02,  1.9735e-01],
        [ 9.4575e-01,  6.2635e-02,  1.9864e-01],
        [ 9.3174e-01,  5.5572e-02,  2.0972e-01],
        [ 9.2226e-01,  5.4556e-02,  2.1540e-01],
        [ 9.1602e-01,  5.2816e-02,  2.1798e-01],
        [ 9.0480e-01,  5.0691e-02,  2.2321e-01],
        [ 9.0624e-01,  5.0954e-02,  2.2461e-01],
        [ 9.0201e-01,  4.1573e-02,  2.2199e-01],
        [ 9.0654e-01,  3.9739e-02,  2.2023e-01],
        [ 9.0834e-01,  3.2194e-02,  2.2367e-01],
        [ 9.0273e-01,  2.5731e-02,  2.2316e-01],
        [ 8.9444e-01,  2.6672e-02,  2.2390e-01],
        [ 9.0007e-01,  2.8508e-02,  2.2086e-01],
        [ 9.0587e-01,  2.9809e-02,  2.1564e-01],
        [ 9.0715e-01,  3.2759e-02,  2.1529e-01],
        [ 9.0798e-01,  3.5497e-02,  2.1634e-01],
        [ 9.0622e-01,  3.4669e-02,  2.1406e-01],
        [ 9.0763e-01,  3.4224e-02,  2.1361e-01],
        [ 9.0027e-01,  2.7759e-02,  2.0769e-01],
        [ 9.0249e-01,  2.3463e-02,  2.0928e-01],
        [ 9.0925e-01,  2.0278e-02,  2.1299e-01],
        [ 9.1481e-01,  1.6663e-02,  2.0220e-01],
        [ 9.1738e-01,  1.2170e-02,  1.9814e-01],
        [ 9.1403e-01,  8.8548e-03,  1.9763e-01],
        [ 9.1856e-01,  4.5274e-03,  1.9562e-01],
        [ 9.2028e-01,  6.4187e-03,  1.8858e-01],
        [ 9.2600e-01,  6.8500e-03,  1.8785e-01],
        [ 9.2360e-01,  5.5741e-03,  1.8368e-01],
        [ 9.2385e-01,  6.0121e-03,  1.8191e-01],
        [ 9.2487e-01,  2.9364e-03,  1.8202e-01],
        [ 9.2634e-01,  8.6455e-04,  1.7929e-01],
        [ 9.2878e-01, -6.5970e-03,  1.7340e-01],
        [ 9.3544e-01, -1.3207e-02,  1.6509e-01],
        [ 9.4701e-01, -1.7154e-02,  1.5077e-01],
        [ 9.6503e-01, -2.1337e-02,  1.3737e-01],
        [ 9.7855e-01, -2.1044e-02,  1.1697e-01],
        [ 9.9471e-01, -1.9580e-02,  9.5174e-02],
        [ 1.0119e+00, -1.9883e-02,  7.1793e-02],
        [ 1.0309e+00, -2.0968e-02,  5.3838e-02],
        [ 1.0526e+00, -2.4182e-02,  3.1419e-02],
        [ 1.0779e+00, -2.5619e-02,  1.3983e-02],
        [ 1.1056e+00, -2.7113e-02, -9.4022e-03],
        [ 1.1336e+00, -2.7734e-02, -3.0148e-02],
        [ 1.1635e+00, -2.6213e-02, -4.8699e-02],
        [ 1.1823e+00, -2.3262e-02, -5.9081e-02],
        [ 1.2039e+00, -2.0457e-02, -6.9901e-02],
        [ 1.2147e+00, -1.9881e-02, -7.8664e-02],
        [ 1.2194e+00, -1.5698e-02, -8.6914e-02],
        [ 1.2218e+00, -1.5307e-02, -9.1592e-02],
        [ 1.2224e+00, -1.2793e-02, -9.2230e-02],
        [ 1.2217e+00, -1.1865e-02, -9.1214e-02],
        [ 1.2195e+00, -1.1290e-02, -9.0307e-02],
        [ 1.2263e+00, -1.1609e-02, -9.1271e-02],
        [ 1.2248e+00, -1.2583e-02, -9.2401e-02],
        [ 1.2309e+00, -1.1688e-02, -8.9118e-02],
        [ 1.2218e+00, -1.5745e-02, -8.2251e-02],
        [ 1.2192e+00, -1.5966e-02, -7.3602e-02],
        [ 1.1950e+00, -1.6113e-02, -5.6396e-02],
        [ 1.1739e+00, -1.8223e-02, -4.5618e-02],
        [ 1.1333e+00, -2.0101e-02, -2.0126e-02],
        [ 1.0997e+00, -1.6580e-02,  4.8404e-03],
        [ 1.0379e+00, -1.3290e-02,  5.2951e-02],
        [ 1.0077e+00, -1.1810e-02,  8.1360e-02],
        [ 9.8508e-01, -1.3570e-02,  1.1170e-01],
        [ 9.6731e-01, -1.3497e-02,  1.3185e-01],
        [ 9.4832e-01, -1.0384e-02,  1.4862e-01],
        [ 9.4102e-01, -6.2354e-03,  1.5387e-01],
        [ 9.3141e-01,  2.3032e-04,  1.6281e-01],
        [ 9.2067e-01,  6.9394e-03,  1.6854e-01],
        [ 9.0873e-01,  7.2527e-03,  1.6746e-01],
        [ 9.0867e-01,  3.2963e-03,  1.6584e-01],
        [ 9.1152e-01, -4.7546e-03,  1.6813e-01],
        [ 9.0580e-01, -1.4718e-02,  1.6807e-01],
        [ 9.0120e-01, -2.2825e-02,  1.6386e-01],
        [ 9.0432e-01, -2.2042e-02,  1.5845e-01],
        [ 9.0573e-01, -2.6484e-02,  1.5735e-01],
        [ 9.0676e-01, -3.0508e-02,  1.5871e-01],
        [ 9.0828e-01, -3.2937e-02,  1.5940e-01],
        [ 9.0691e-01, -3.5341e-02,  1.6168e-01],
        [ 9.1496e-01, -3.3517e-02,  1.6424e-01],
        [ 9.2372e-01, -3.4085e-02,  1.6893e-01],
        [ 9.2786e-01, -3.2233e-02,  1.6751e-01],
        [ 9.2260e-01, -2.7336e-02,  1.7297e-01],
        [ 9.2497e-01, -2.1660e-02,  1.7419e-01],
        [ 9.2841e-01, -2.7903e-02,  1.7534e-01],
        [ 9.3395e-01, -5.9822e-02,  1.7820e-01],
        [ 9.3796e-01, -8.6535e-02,  1.7394e-01],
        [ 9.3050e-01, -8.9901e-02,  1.7135e-01],
        [ 9.2739e-01, -9.5611e-02,  1.7354e-01],
        [ 9.2704e-01, -9.0674e-02,  1.7118e-01],
        [ 9.3013e-01, -7.2608e-02,  1.7501e-01],
        [ 9.3031e-01, -5.8994e-02,  1.6843e-01],
        [ 9.2815e-01, -4.7698e-02,  1.6767e-01],
        [ 9.2386e-01, -3.3218e-02,  1.6908e-01],
        [ 9.2157e-01, -2.6480e-02,  1.6342e-01],
        [ 9.2618e-01, -2.6793e-02,  1.6029e-01],
        [ 9.2482e-01, -2.6481e-02,  1.5996e-01],
        [ 9.2120e-01, -2.5352e-02,  1.6298e-01],
        [ 9.2164e-01, -2.4447e-02,  1.6507e-01],
        [ 9.2174e-01, -2.0574e-02,  1.6399e-01],
        [ 9.2394e-01, -1.9038e-02,  1.6011e-01],
        [ 9.1738e-01, -2.1383e-02,  1.5827e-01],
        [ 9.2067e-01, -2.0572e-02,  1.6015e-01],
        [ 9.1843e-01, -1.7757e-02,  1.6512e-01],
        [ 9.2294e-01, -1.1815e-02,  1.6645e-01],
        [ 9.2938e-01, -7.3421e-03,  1.5904e-01],
        [ 9.2521e-01, -1.5907e-02,  1.5566e-01],
        [ 9.2301e-01, -2.1370e-02,  1.5383e-01],
        [ 9.2483e-01, -3.4554e-02,  1.4451e-01],
        [ 9.3341e-01, -3.6772e-02,  1.4514e-01],
        [ 9.3107e-01, -3.3703e-02,  1.4748e-01],
        [ 9.3224e-01, -4.5696e-02,  1.4052e-01],
        [ 9.4084e-01, -5.9467e-02,  1.4198e-01],
        [ 9.4184e-01, -7.5723e-02,  1.4673e-01],
        [ 9.4767e-01, -1.0096e-01,  1.4675e-01],
        [ 9.3662e-01, -1.2018e-01,  1.3892e-01],
        [ 9.3866e-01, -1.3647e-01,  1.3034e-01],
        [ 9.2916e-01, -1.5174e-01,  1.3438e-01],
        [ 9.3225e-01, -1.6526e-01,  1.4057e-01],
        [ 9.5169e-01, -1.6782e-01,  1.3360e-01],
        [ 9.6698e-01, -1.7087e-01,  1.2997e-01],
        [ 9.7329e-01, -1.7017e-01,  1.1806e-01],
        [ 9.9083e-01, -1.7591e-01,  1.0618e-01],
        [ 1.0031e+00, -1.9602e-01,  9.0951e-02],
        [ 1.0138e+00, -2.0958e-01,  8.2206e-02],
        [ 1.0449e+00, -2.2468e-01,  6.3466e-02],
        [ 1.0696e+00, -2.4146e-01,  4.1089e-02],
        [ 1.1029e+00, -2.4718e-01,  2.1182e-02],
        [ 1.1332e+00, -2.5719e-01,  1.1553e-02],
        [ 1.1577e+00, -2.6380e-01, -3.1992e-03],
        [ 1.1968e+00, -2.6838e-01, -1.5029e-02],
        [ 1.2289e+00, -2.6965e-01, -3.2402e-02],
        [ 1.2545e+00, -2.7093e-01, -5.3411e-02],
        [ 1.2758e+00, -2.7425e-01, -7.1647e-02],
        [ 1.2944e+00, -2.8328e-01, -8.1222e-02],
        [ 1.3127e+00, -2.8346e-01, -9.4031e-02],
        [ 1.3240e+00, -2.8448e-01, -9.8534e-02],
        [ 1.3374e+00, -2.8401e-01, -1.0667e-01],
        [ 1.3440e+00, -2.8468e-01, -1.0680e-01],
        [ 1.3531e+00, -2.8366e-01, -1.0889e-01],
        [ 1.3517e+00, -2.8358e-01, -1.0919e-01],
        [ 1.3533e+00, -2.8361e-01, -1.1079e-01],
        [ 1.3449e+00, -2.8559e-01, -1.0339e-01],
        [ 1.3303e+00, -2.8532e-01, -1.0282e-01],
        [ 1.3120e+00, -2.8428e-01, -9.6402e-02],
        [ 1.2889e+00, -2.8200e-01, -8.3128e-02],
        [ 1.2569e+00, -2.7387e-01, -6.9751e-02],
        [ 1.2152e+00, -2.7062e-01, -4.1467e-02],
        [ 1.1746e+00, -2.6512e-01, -1.2339e-02],
        [ 1.1325e+00, -2.5741e-01,  1.0934e-02],
        [ 1.0961e+00, -2.4385e-01,  3.5849e-02],
        [ 1.0649e+00, -2.2492e-01,  6.0371e-02],
        [ 1.0254e+00, -2.0055e-01,  8.4804e-02],
        [ 1.0060e+00, -1.7926e-01,  1.0128e-01],
        [ 9.9868e-01, -1.4375e-01,  1.0543e-01],
        [ 9.7591e-01, -1.2393e-01,  1.1474e-01],
        [ 9.5071e-01, -1.1157e-01,  1.2630e-01],
        [ 9.4194e-01, -1.2360e-01,  1.3555e-01],
        [ 9.3938e-01, -1.2923e-01,  1.3969e-01],
        [ 9.3397e-01, -1.4157e-01,  1.4370e-01],
        [ 9.3602e-01, -1.5254e-01,  1.3836e-01],
        [ 9.2977e-01, -1.5568e-01,  1.4162e-01],
        [ 9.2784e-01, -1.5562e-01,  1.4363e-01],
        [ 9.2482e-01, -1.5429e-01,  1.4282e-01],
        [ 9.2158e-01, -1.4408e-01,  1.4658e-01],
        [ 9.2065e-01, -1.2566e-01,  1.5362e-01],
        [ 9.2413e-01, -1.0770e-01,  1.6092e-01],
        [ 9.2123e-01, -8.6478e-02,  1.6250e-01],
        [ 9.1973e-01, -5.9359e-02,  1.6464e-01],
        [ 9.2403e-01, -2.7016e-02,  1.6595e-01],
        [ 9.3181e-01,  2.1829e-03,  1.6700e-01],
        [ 9.3121e-01,  1.2833e-02,  1.6637e-01],
        [ 9.2877e-01,  1.8795e-02,  1.5951e-01],
        [ 9.2939e-01,  2.7068e-02,  1.6093e-01],
        [ 9.3176e-01,  3.4487e-02,  1.6066e-01],
        [ 9.2839e-01,  3.4825e-02,  1.6431e-01],
        [ 9.1697e-01,  3.3456e-02,  1.7049e-01],
        [ 9.1071e-01,  2.4528e-02,  1.6937e-01],
        [ 9.0393e-01,  1.5410e-02,  1.7612e-01],
        [ 8.9825e-01,  7.1961e-03,  1.7934e-01],
        [ 8.9713e-01,  3.6395e-03,  1.8230e-01],
        [ 8.9837e-01, -3.0400e-03,  1.8579e-01],
        [ 9.0906e-01, -1.8458e-02,  1.9970e-01],
        [ 9.2142e-01, -2.2406e-02,  2.0595e-01],
        [ 9.2583e-01, -2.2524e-02,  2.1384e-01],
        [ 9.3495e-01, -1.9059e-02,  2.1536e-01],
        [ 9.3375e-01, -1.1150e-02,  2.1460e-01],
        [ 9.3430e-01, -8.8036e-03,  2.1423e-01],
        [ 9.3363e-01, -8.1089e-03,  2.1174e-01],
        [ 9.3234e-01, -9.0498e-03,  2.1010e-01],
        [ 9.3695e-01, -5.9401e-03,  2.1133e-01],
        [ 9.4001e-01, -5.5761e-03,  2.0853e-01],
        [ 9.4241e-01, -3.0664e-03,  2.0639e-01],
        [ 9.4768e-01, -8.2270e-03,  2.0329e-01],
        [ 9.5111e-01, -1.2629e-02,  2.0199e-01],
        [ 9.5062e-01, -2.1942e-02,  2.0213e-01],
        [ 9.4885e-01, -2.7426e-02,  2.0198e-01],
        [ 9.4219e-01, -3.2876e-02,  1.9656e-01],
        [ 9.3917e-01, -3.0005e-02,  1.9473e-01],
        [ 9.3835e-01, -7.1276e-03,  1.9086e-01],
        [ 9.4049e-01,  1.4514e-02,  1.8238e-01],
        [ 9.3735e-01,  3.4158e-02,  1.7732e-01],
        [ 9.3653e-01,  5.0057e-02,  1.7712e-01],
        [ 9.4044e-01,  6.6311e-02,  1.7207e-01],
        [ 9.4847e-01,  7.8706e-02,  1.6826e-01],
        [ 9.4774e-01,  8.6912e-02,  1.6793e-01],
        [ 9.5140e-01,  9.7832e-02,  1.6785e-01],
        [ 9.5205e-01,  9.7337e-02,  1.5968e-01],
        [ 9.5162e-01,  9.7921e-02,  1.5265e-01],
        [ 9.5454e-01,  1.0437e-01,  1.4041e-01],
        [ 9.6517e-01,  1.1615e-01,  1.2897e-01],
        [ 9.9075e-01,  1.2147e-01,  1.1199e-01],
        [ 1.0129e+00,  1.2428e-01,  9.8560e-02],
        [ 1.0355e+00,  1.2313e-01,  7.6777e-02],
        [ 1.0646e+00,  1.2373e-01,  5.6813e-02],
        [ 1.0795e+00,  1.3626e-01,  3.8499e-02],
        [ 1.0963e+00,  1.4340e-01,  1.7191e-02],
        [ 1.1298e+00,  1.4744e-01, -7.6254e-03],
        [ 1.1515e+00,  1.5223e-01, -2.8247e-02],
        [ 1.1782e+00,  1.5984e-01, -4.2005e-02],
        [ 1.1942e+00,  1.6545e-01, -5.9541e-02],
        [ 1.2294e+00,  1.7089e-01, -7.8140e-02],
        [ 1.2547e+00,  1.7275e-01, -8.6661e-02],
        [ 1.2709e+00,  1.7916e-01, -9.2278e-02],
        [ 1.3027e+00,  1.7601e-01, -9.9733e-02],
        [ 1.3242e+00,  1.7385e-01, -1.0401e-01],
        [ 1.3426e+00,  1.7359e-01, -1.0595e-01],
        [ 1.3434e+00,  1.7926e-01, -1.0862e-01],
        [ 1.3478e+00,  1.7667e-01, -1.0925e-01],
        [ 1.3467e+00,  1.7567e-01, -1.0582e-01],
        [ 1.3486e+00,  1.7737e-01, -1.0308e-01],
        [ 1.3440e+00,  1.7506e-01, -9.9380e-02],
        [ 1.3331e+00,  1.7587e-01, -9.2367e-02],
        [ 1.2983e+00,  1.7353e-01, -8.5673e-02],
        [ 1.2614e+00,  1.7490e-01, -7.4499e-02],
        [ 1.2168e+00,  1.7344e-01, -5.8184e-02],
        [ 1.1794e+00,  1.6875e-01, -2.7902e-02],
        [ 1.1411e+00,  1.6543e-01,  8.3790e-03],
        [ 1.1032e+00,  1.5833e-01,  3.9176e-02],
        [ 1.0603e+00,  1.4851e-01,  6.9493e-02],
        [ 1.0271e+00,  1.2635e-01,  9.5566e-02],
        [ 9.9411e-01,  1.1265e-01,  1.1519e-01],
        [ 9.7993e-01,  1.0323e-01,  1.4063e-01],
        [ 9.6509e-01,  8.8587e-02,  1.5473e-01],
        [ 9.6080e-01,  7.1798e-02,  1.6752e-01],
        [ 9.5859e-01,  6.4593e-02,  1.7028e-01],
        [ 9.6146e-01,  5.2975e-02,  1.7036e-01],
        [ 9.5391e-01,  4.8162e-02,  1.6925e-01],
        [ 9.5071e-01,  4.2190e-02,  1.6926e-01],
        [ 9.5101e-01,  4.1608e-02,  1.7361e-01],
        [ 9.5067e-01,  4.2432e-02,  1.8004e-01],
        [ 9.4727e-01,  3.9281e-02,  1.8191e-01],
        [ 9.4129e-01,  3.8898e-02,  1.8167e-01],
        [ 9.3956e-01,  4.1122e-02,  1.8308e-01],
        [ 9.3477e-01,  3.9458e-02,  1.8710e-01],
        [ 9.2221e-01,  3.7454e-02,  1.8882e-01],
        [ 9.1735e-01,  3.7828e-02,  1.9245e-01],
        [ 9.1055e-01,  3.8010e-02,  1.9598e-01],
        [ 9.0308e-01,  3.4587e-02,  1.9670e-01],
        [ 8.9874e-01,  3.1575e-02,  1.9545e-01],
        [ 8.9036e-01,  2.8953e-02,  1.9611e-01],
        [ 8.9095e-01,  2.7488e-02,  1.9957e-01],
        [ 8.8948e-01,  2.7331e-02,  2.0287e-01],
        [ 8.9333e-01,  2.0578e-02,  2.0396e-01],
        [ 8.9548e-01,  6.9282e-03,  1.9763e-01],
        [ 8.9770e-01,  2.5667e-03,  1.9619e-01],
        [ 8.9735e-01,  3.5382e-03,  1.9950e-01],
        [ 8.9413e-01,  1.1610e-02,  2.0264e-01],
        [ 8.9818e-01,  1.9077e-02,  2.0495e-01],
        [ 8.9657e-01,  2.2376e-02,  2.0491e-01],
        [ 8.9785e-01,  2.3779e-02,  2.0428e-01],
        [ 8.9717e-01,  2.5333e-02,  2.0607e-01],
        [ 8.9803e-01,  2.7393e-02,  2.0691e-01],
        [ 8.9984e-01,  2.7723e-02,  2.0632e-01],
        [ 8.9949e-01,  2.7092e-02,  2.0517e-01],
        [ 8.9990e-01,  2.6071e-02,  2.0483e-01],
        [ 8.9948e-01,  2.5663e-02,  2.0706e-01],
        [ 8.9925e-01,  2.5413e-02,  2.0693e-01],
        [ 8.9992e-01,  2.4972e-02,  2.0706e-01],
        [ 8.9810e-01,  2.2709e-02,  2.0535e-01],
        [ 8.9840e-01,  2.3241e-02,  2.0475e-01],
        [ 8.9648e-01,  2.3984e-02,  2.0229e-01],
        [ 8.9407e-01,  2.3930e-02,  2.0306e-01],
        [ 8.9308e-01,  2.5274e-02,  2.0290e-01],
        [ 8.8993e-01,  2.1276e-02,  2.0371e-01],
        [ 8.9242e-01,  1.5355e-02,  1.9953e-01],
        [ 8.9076e-01,  9.9793e-03,  2.0494e-01],
        [ 8.9259e-01,  5.5947e-03,  2.0486e-01],
        [ 8.9195e-01, -4.3722e-03,  2.0776e-01],
        [ 8.9641e-01, -1.3568e-02,  2.1774e-01],
        [ 8.9975e-01, -2.5551e-02,  2.1527e-01],
        [ 9.0063e-01, -2.6196e-02,  2.1156e-01],
        [ 9.0262e-01, -2.7814e-02,  2.1086e-01],
        [ 9.0199e-01, -2.1079e-02,  2.0909e-01],
        [ 9.0499e-01, -1.6306e-02,  2.0699e-01],
        [ 9.0566e-01, -7.3543e-03,  2.0952e-01],
        [ 9.1204e-01, -1.8861e-03,  2.1063e-01],
        [ 9.1067e-01, -5.6968e-04,  2.0920e-01],
        [ 9.1797e-01,  2.7678e-03,  2.0750e-01],
        [ 9.2389e-01,  3.2592e-03,  2.0054e-01],
        [ 9.3586e-01,  6.0132e-03,  1.9552e-01],
        [ 9.4243e-01,  8.1938e-03,  1.9086e-01],
        [ 9.3856e-01,  9.4023e-03,  1.8888e-01],
        [ 9.3944e-01, -6.1592e-03,  1.8268e-01],
        [ 9.4971e-01, -1.8235e-02,  1.7649e-01],
        [ 9.5326e-01, -1.7444e-02,  1.7391e-01],
        [ 9.6470e-01, -1.6824e-02,  1.6923e-01],
        [ 9.6409e-01, -1.6528e-02,  1.7041e-01],
        [ 9.6408e-01, -1.5930e-02,  1.6960e-01],
        [ 9.6221e-01, -1.6112e-02,  1.7367e-01],
        [ 9.5419e-01, -1.9830e-02,  1.8209e-01],
        [ 9.6155e-01, -1.1203e-02,  1.7577e-01],
        [ 9.6428e-01, -8.4490e-03,  1.6761e-01],
        [ 9.6557e-01, -9.6008e-03,  1.6603e-01],
        [ 9.5915e-01, -1.2146e-02,  1.7174e-01],
        [ 9.5970e-01, -1.4629e-02,  1.7176e-01],
        [ 9.5700e-01, -9.7159e-03,  1.7458e-01],
        [ 9.6120e-01, -8.0246e-03,  1.7116e-01],
        [ 9.7249e-01, -1.0583e-02,  1.6662e-01],
        [ 9.6352e-01, -7.3508e-03,  1.7097e-01],
        [ 9.5923e-01, -5.9612e-03,  1.7636e-01],
        [ 9.5591e-01, -8.0200e-03,  1.7616e-01],
        [ 9.6060e-01,  1.6874e-04,  1.7852e-01],
        [ 9.6468e-01,  3.6372e-03,  1.8054e-01],
        [ 9.5980e-01,  1.9030e-03,  1.8085e-01],
        [ 9.6162e-01, -3.5926e-03,  1.7895e-01],
        [ 9.6002e-01, -4.3373e-03,  1.7678e-01],
        [ 9.6636e-01, -3.2601e-03,  1.7123e-01],
        [ 9.7248e-01, -4.8491e-03,  1.6952e-01],
        [ 9.7204e-01, -4.3532e-03,  1.7218e-01],
        [ 9.6748e-01, -4.5622e-03,  1.7187e-01],
        [ 9.5969e-01, -2.9660e-03,  1.7982e-01],
        [ 9.5058e-01, -4.9263e-03,  1.8739e-01],
        [ 9.5081e-01,  1.4618e-02,  1.8925e-01],
        [ 9.5028e-01,  2.9247e-02,  1.8840e-01],
        [ 9.4957e-01,  2.9777e-02,  1.8908e-01],
        [ 9.5051e-01,  2.3888e-02,  1.8963e-01],
        [ 9.5463e-01, -1.2590e-03,  1.8355e-01],
        [ 9.5494e-01, -4.4606e-03,  1.7771e-01],
        [ 9.7272e-01, -4.5195e-03,  1.6995e-01],
        [ 9.7314e-01, -5.1523e-03,  1.6921e-01],
        [ 9.6555e-01, -4.1110e-03,  1.7360e-01],
        [ 9.5980e-01, -5.9912e-03,  1.8234e-01],
        [ 9.5688e-01, -6.3310e-03,  1.8360e-01],
        [ 9.5757e-01,  3.7750e-03,  1.8247e-01],
        [ 9.6434e-01,  1.3411e-02,  1.8052e-01],
        [ 9.6473e-01,  1.2821e-02,  1.8315e-01],
        [ 9.6202e-01, -1.2578e-05,  1.8017e-01],
        [ 9.6001e-01, -7.7547e-03,  1.8022e-01],
        [ 9.6562e-01, -6.6093e-03,  1.7679e-01],
        [ 9.6982e-01, -8.2568e-03,  1.7226e-01],
        [ 9.7189e-01, -6.0330e-03,  1.7434e-01],
        [ 9.7092e-01, -4.4144e-03,  1.7720e-01],
        [ 9.6736e-01, -4.0474e-03,  1.8155e-01],
        [ 9.7272e-01, -4.7362e-03,  1.7912e-01],
        [ 9.7027e-01, -8.3769e-03,  1.7988e-01],
        [ 9.6972e-01, -6.7358e-03,  1.7948e-01],
        [ 9.5958e-01, -6.3333e-03,  1.8405e-01],
        [ 9.6411e-01, -6.1286e-03,  1.7895e-01],
        [ 9.6891e-01, -7.8252e-03,  1.7484e-01],
        [ 9.6983e-01, -7.8711e-03,  1.7204e-01],
        [ 9.7414e-01, -5.6236e-03,  1.7116e-01],
        [ 9.7122e-01, -5.2395e-03,  1.7500e-01],
        [ 9.6527e-01, -4.1573e-03,  1.8270e-01],
        [ 9.6972e-01,  7.7622e-04,  1.8231e-01],
        [ 9.6191e-01,  8.2400e-03,  1.8888e-01],
        [ 9.6238e-01,  1.2045e-02,  1.8782e-01],
        [ 9.6074e-01,  1.3002e-02,  1.9323e-01],
        [ 9.5084e-01,  1.3973e-02,  1.9877e-01],
        [ 9.5082e-01,  2.0612e-02,  2.0328e-01],
        [ 9.3974e-01,  2.7448e-02,  2.1578e-01],
        [ 9.3848e-01,  4.0459e-02,  2.2196e-01],
        [ 9.3430e-01,  4.8150e-02,  2.2663e-01],
        [ 9.2941e-01,  4.2966e-02,  2.2583e-01],
        [ 9.2651e-01,  3.8507e-02,  2.2300e-01],
        [ 9.2537e-01,  3.0766e-02,  2.2011e-01],
        [ 9.2116e-01,  2.7673e-02,  2.1924e-01],
        [ 9.1561e-01,  2.8121e-02,  2.1693e-01],
        [ 9.1497e-01,  3.0504e-02,  2.1855e-01],
        [ 9.1510e-01,  2.6299e-02,  2.1510e-01],
        [ 9.1343e-01,  2.0113e-02,  2.1855e-01],
        [ 9.1428e-01,  1.5228e-02,  2.1812e-01],
        [ 9.1269e-01,  1.3913e-02,  2.1965e-01],
        [ 9.1025e-01,  1.2661e-02,  2.2170e-01],
        [ 9.1017e-01,  1.0347e-02,  2.2254e-01],
        [ 9.0331e-01,  1.5589e-02,  2.2345e-01],
        [ 8.9721e-01,  1.3054e-02,  2.1947e-01],
        [ 8.9882e-01,  1.2717e-02,  2.1796e-01],
        [ 8.9910e-01,  1.1110e-02,  2.1581e-01],
        [ 9.0021e-01,  8.0795e-03,  2.1513e-01],
        [ 9.0059e-01,  8.2396e-03,  2.1276e-01],
        [ 9.0237e-01,  9.5747e-03,  2.0735e-01],
        [ 9.0034e-01,  1.0089e-02,  2.0487e-01],
        [ 9.0011e-01,  1.0688e-02,  2.0421e-01],
        [ 9.0084e-01,  1.0439e-02,  2.0359e-01],
        [ 9.0271e-01,  1.2359e-02,  2.0225e-01],
        [ 9.0300e-01,  1.2932e-02,  2.0110e-01],
        [ 9.0056e-01,  1.0427e-02,  2.0313e-01],
        [ 8.9957e-01,  1.0055e-02,  2.0389e-01],
        [ 8.9901e-01,  1.0318e-02,  2.0367e-01],
        [ 8.9891e-01,  9.8846e-03,  2.0410e-01],
        [ 8.9887e-01,  9.9842e-03,  2.0476e-01],
        [ 8.9934e-01,  1.0176e-02,  2.0594e-01],
        [ 8.9922e-01,  1.0519e-02,  2.0668e-01],
        [ 9.0119e-01,  9.5782e-03,  2.0688e-01],
        [ 9.0184e-01,  9.4124e-03,  2.0344e-01],
        [ 9.0196e-01,  9.6322e-03,  2.0334e-01],
        [ 9.0206e-01,  1.0084e-02,  2.0308e-01],
        [ 9.0161e-01,  1.0102e-02,  2.0297e-01],
        [ 9.0080e-01,  1.0649e-02,  2.0365e-01],
        [ 9.0178e-01,  1.0454e-02,  2.0231e-01],
        [ 9.0245e-01,  1.0578e-02,  2.0227e-01],
        [ 9.0169e-01,  1.0347e-02,  2.0280e-01],
        [ 9.0090e-01,  1.0681e-02,  2.0288e-01],
        [ 9.0063e-01,  1.0559e-02,  2.0379e-01],
        [ 9.0100e-01,  1.1733e-02,  2.0446e-01],
        [ 9.0005e-01,  1.0473e-02,  2.0477e-01],
        [ 9.0082e-01,  1.1508e-02,  2.0557e-01],
        [ 9.0083e-01,  1.1229e-02,  2.0549e-01],
        [ 9.0058e-01,  1.1112e-02,  2.0544e-01],
        [ 8.9918e-01,  1.0989e-02,  2.0526e-01],
        [ 8.9953e-01,  1.1149e-02,  2.0571e-01],
        [ 9.0042e-01,  1.1385e-02,  2.0560e-01],
        [ 9.0039e-01,  1.1638e-02,  2.0623e-01],
        [ 9.0017e-01,  1.0856e-02,  2.0618e-01],
        [ 9.0059e-01,  9.6908e-03,  2.0647e-01],
        [ 9.0060e-01,  1.0229e-02,  2.0680e-01],
        [ 9.0001e-01,  1.0230e-02,  2.0700e-01],
        [ 8.9859e-01,  9.9453e-03,  2.0784e-01],
        [ 8.9952e-01,  1.0167e-02,  2.0718e-01],
        [ 9.0023e-01,  1.0474e-02,  2.0608e-01],
        [ 8.9933e-01,  1.0856e-02,  2.0657e-01],
        [ 8.9997e-01,  8.3836e-03,  2.0678e-01],
        [ 8.9977e-01,  8.8658e-03,  2.0722e-01],
        [ 9.0064e-01,  9.0599e-03,  2.0537e-01],
        [ 9.0104e-01,  9.4169e-03,  2.0435e-01],
        [ 9.0249e-01,  8.5098e-03,  2.0685e-01],
        [ 9.0338e-01,  8.7654e-03,  2.0575e-01],
        [ 9.0269e-01,  8.2061e-03,  2.0637e-01],
        [ 9.0382e-01,  7.3955e-03,  2.0732e-01],
        [ 9.0391e-01,  7.2846e-03,  2.0667e-01],
        [ 9.0147e-01,  7.4362e-03,  2.0580e-01],
        [ 9.0507e-01,  6.5936e-03,  2.0647e-01],
        [ 9.0526e-01,  6.7007e-03,  2.0703e-01]])