tensor([[[-1.1579e-01,  3.2707e-01,  4.3900e+00]],

        [[-1.1178e-01,  3.2535e-01,  4.3857e+00]],

        [[-1.0689e-01,  3.2655e-01,  4.3899e+00]],

        [[-1.0338e-01,  3.3028e-01,  4.4092e+00]],

        [[-9.6566e-02,  3.3052e-01,  4.4154e+00]],

        [[-9.0427e-02,  3.3187e-01,  4.4295e+00]],

        [[-8.5415e-02,  3.3151e-01,  4.4328e+00]],

        [[-7.9807e-02,  3.3025e-01,  4.4417e+00]],

        [[-7.4471e-02,  3.2917e-01,  4.4512e+00]],

        [[-6.8334e-02,  3.2731e-01,  4.4653e+00]],

        [[-6.1887e-02,  3.3012e-01,  4.4759e+00]],

        [[-5.6689e-02,  3.3057e-01,  4.4771e+00]],

        [[-5.0078e-02,  3.2905e-01,  4.4759e+00]],

        [[-4.6219e-02,  3.2787e-01,  4.4680e+00]],

        [[-4.1017e-02,  3.2917e-01,  4.4595e+00]],

        [[-3.8105e-02,  3.2656e-01,  4.4623e+00]],

        [[-3.4631e-02,  3.2736e-01,  4.4723e+00]],

        [[-3.1284e-02,  3.2667e-01,  4.4737e+00]],

        [[-2.9973e-02,  3.2838e-01,  4.4806e+00]],

        [[-2.5405e-02,  3.2717e-01,  4.4796e+00]],

        [[-2.5435e-02,  3.2638e-01,  4.4795e+00]],

        [[-2.3949e-02,  3.2640e-01,  4.4661e+00]],

        [[-2.4205e-02,  3.2624e-01,  4.4689e+00]],

        [[-2.2707e-02,  3.2657e-01,  4.4711e+00]],

        [[-2.0995e-02,  3.2970e-01,  4.4747e+00]],

        [[-2.2283e-02,  3.2932e-01,  4.4759e+00]],

        [[-2.3298e-02,  3.2966e-01,  4.4758e+00]],

        [[-2.4601e-02,  3.3003e-01,  4.4792e+00]],

        [[-2.6243e-02,  3.3132e-01,  4.4677e+00]],

        [[-2.8415e-02,  3.3154e-01,  4.4693e+00]],

        [[-3.2045e-02,  3.3196e-01,  4.4645e+00]],

        [[-3.5311e-02,  3.3342e-01,  4.4603e+00]],

        [[-3.6796e-02,  3.3307e-01,  4.4646e+00]],

        [[-4.0675e-02,  3.3174e-01,  4.4659e+00]],

        [[-4.6371e-02,  3.3122e-01,  4.4620e+00]],

        [[-4.8692e-02,  3.3050e-01,  4.4629e+00]],

        [[-5.1627e-02,  3.3033e-01,  4.4612e+00]],

        [[-5.4201e-02,  3.2939e-01,  4.4548e+00]],

        [[-5.8107e-02,  3.2460e-01,  4.4530e+00]],

        [[-5.9118e-02,  3.2297e-01,  4.4410e+00]],

        [[-6.0771e-02,  3.2123e-01,  4.4427e+00]],

        [[-6.6586e-02,  3.2211e-01,  4.4416e+00]],

        [[-6.9952e-02,  3.2242e-01,  4.4442e+00]],

        [[-7.4932e-02,  3.2218e-01,  4.4341e+00]],

        [[-7.7471e-02,  3.2910e-01,  4.4314e+00]],

        [[-7.7467e-02,  3.3641e-01,  4.3941e+00]],

        [[-7.8971e-02,  3.3519e-01,  4.3984e+00]],

        [[-8.3274e-02,  3.3137e-01,  4.3876e+00]],

        [[-8.3357e-02,  3.2850e-01,  4.3860e+00]],

        [[-8.7457e-02,  3.2415e-01,  4.3576e+00]],

        [[-8.5542e-02,  3.2581e-01,  4.3480e+00]],

        [[-9.1713e-02,  3.2451e-01,  4.3377e+00]],

        [[-9.4264e-02,  3.2740e-01,  4.3528e+00]],

        [[-9.9721e-02,  3.3190e-01,  4.3557e+00]],

        [[-1.0510e-01,  3.4097e-01,  4.3965e+00]],

        [[-1.1188e-01,  3.4091e-01,  4.4193e+00]],

        [[-1.1474e-01,  3.3273e-01,  4.4246e+00]],

        [[-1.1538e-01,  3.3363e-01,  4.4056e+00]],

        [[-1.1502e-01,  3.3105e-01,  4.3947e+00]],

        [[-1.1565e-01,  3.2690e-01,  4.3640e+00]],

        [[-1.1435e-01,  3.2788e-01,  4.3494e+00]],

        [[-1.1593e-01,  3.2647e-01,  4.3341e+00]],

        [[-1.1674e-01,  3.2997e-01,  4.3701e+00]],

        [[-1.1652e-01,  3.3225e-01,  4.3826e+00]],

        [[-1.1890e-01,  3.3863e-01,  4.4043e+00]],

        [[-1.1854e-01,  3.3566e-01,  4.4210e+00]],

        [[-1.1894e-01,  3.3941e-01,  4.4193e+00]],

        [[-1.1577e-01,  3.3627e-01,  4.4245e+00]],

        [[-1.1315e-01,  3.3450e-01,  4.4006e+00]],

        [[-1.0839e-01,  3.3351e-01,  4.3555e+00]],

        [[-1.0694e-01,  3.2630e-01,  4.3274e+00]],

        [[-1.0803e-01,  3.3033e-01,  4.3278e+00]],

        [[-1.0453e-01,  3.2846e-01,  4.3298e+00]],

        [[-1.0405e-01,  3.3475e-01,  4.3599e+00]],

        [[-1.0166e-01,  3.3720e-01,  4.3734e+00]],

        [[-1.0632e-01,  3.3671e-01,  4.4331e+00]],

        [[-1.0550e-01,  3.3849e-01,  4.4422e+00]],

        [[-1.0382e-01,  3.3804e-01,  4.4365e+00]],

        [[-1.0105e-01,  3.4015e-01,  4.4377e+00]],

        [[-9.2763e-02,  3.3115e-01,  4.3869e+00]],

        [[-9.1232e-02,  3.3369e-01,  4.3801e+00]],

        [[-8.9101e-02,  3.3028e-01,  4.3494e+00]],

        [[-8.8724e-02,  3.3273e-01,  4.3348e+00]],

        [[-8.5608e-02,  3.3134e-01,  4.3482e+00]],

        [[-8.3097e-02,  3.3717e-01,  4.3846e+00]],

        [[-8.0393e-02,  3.3674e-01,  4.3818e+00]],

        [[-7.9573e-02,  3.3307e-01,  4.4150e+00]],

        [[-8.0300e-02,  3.3229e-01,  4.4259e+00]],

        [[-7.3808e-02,  3.2750e-01,  4.4185e+00]],

        [[-7.2691e-02,  3.3345e-01,  4.4381e+00]],

        [[-7.0966e-02,  3.3541e-01,  4.4442e+00]],

        [[-6.7034e-02,  3.3764e-01,  4.4419e+00]],

        [[-6.2415e-02,  3.3307e-01,  4.3877e+00]],

        [[-5.8760e-02,  3.2628e-01,  4.3474e+00]],

        [[-5.6140e-02,  3.2453e-01,  4.3200e+00]],

        [[-5.3739e-02,  3.2056e-01,  4.3021e+00]],

        [[-5.3490e-02,  3.2124e-01,  4.3197e+00]],

        [[-5.2041e-02,  3.2301e-01,  4.3534e+00]],

        [[-4.8570e-02,  3.2642e-01,  4.3750e+00]],

        [[-4.7956e-02,  3.3020e-01,  4.3947e+00]],

        [[-5.1075e-02,  3.3136e-01,  4.4527e+00]],

        [[-4.7460e-02,  3.2942e-01,  4.4578e+00]],

        [[-4.4827e-02,  3.3321e-01,  4.4398e+00]],

        [[-4.0951e-02,  3.3086e-01,  4.4340e+00]],

        [[-3.8539e-02,  3.3187e-01,  4.4179e+00]],

        [[-3.6032e-02,  3.3673e-01,  4.4132e+00]],

        [[-3.2508e-02,  3.3411e-01,  4.4027e+00]],

        [[-3.3610e-02,  3.2755e-01,  4.3662e+00]],

        [[-3.3159e-02,  3.2297e-01,  4.3416e+00]],

        [[-3.2228e-02,  3.2224e-01,  4.3750e+00]],

        [[-3.5263e-02,  3.1864e-01,  4.4137e+00]],

        [[-4.3834e-02,  3.1779e-01,  4.4443e+00]],

        [[-5.0014e-02,  3.2059e-01,  4.4480e+00]],

        [[-5.4662e-02,  3.2449e-01,  4.4636e+00]],

        [[-6.1761e-02,  3.3060e-01,  4.4472e+00]],

        [[-6.3642e-02,  3.2636e-01,  4.4103e+00]],

        [[-7.0883e-02,  3.1835e-01,  4.4138e+00]],

        [[-7.2548e-02,  3.1979e-01,  4.4109e+00]],

        [[-7.4816e-02,  3.1703e-01,  4.3878e+00]],

        [[-8.5526e-02,  3.1100e-01,  4.3727e+00]],

        [[-9.4680e-02,  3.0754e-01,  4.3652e+00]],

        [[-1.0683e-01,  3.0816e-01,  4.3588e+00]],

        [[-1.2158e-01,  3.1212e-01,  4.3797e+00]],

        [[-1.3609e-01,  3.1372e-01,  4.3991e+00]],

        [[-1.5261e-01,  3.1569e-01,  4.4266e+00]],

        [[-1.6766e-01,  3.1017e-01,  4.4436e+00]],

        [[-1.7558e-01,  3.0332e-01,  4.4189e+00]],

        [[-1.8811e-01,  3.0192e-01,  4.4349e+00]],

        [[-1.9897e-01,  3.0960e-01,  4.4254e+00]],

        [[-2.0445e-01,  3.1536e-01,  4.4125e+00]],

        [[-2.1444e-01,  3.1529e-01,  4.4150e+00]],

        [[-2.1747e-01,  3.1309e-01,  4.4413e+00]],

        [[-2.1961e-01,  2.9772e-01,  4.4413e+00]],

        [[-2.2267e-01,  2.9910e-01,  4.4391e+00]],

        [[-2.2225e-01,  2.9415e-01,  4.4191e+00]],

        [[-2.1971e-01,  2.9192e-01,  4.3772e+00]],

        [[-2.1893e-01,  2.9832e-01,  4.3866e+00]],

        [[-2.2393e-01,  3.0656e-01,  4.3791e+00]],

        [[-2.2447e-01,  3.1473e-01,  4.4228e+00]],

        [[-2.2047e-01,  3.2081e-01,  4.4173e+00]],

        [[-2.1629e-01,  3.2014e-01,  4.4081e+00]],

        [[-2.1414e-01,  3.1607e-01,  4.4138e+00]],

        [[-2.0965e-01,  3.1392e-01,  4.4056e+00]],

        [[-2.0590e-01,  3.0984e-01,  4.4135e+00]],

        [[-2.0002e-01,  3.0816e-01,  4.4066e+00]],

        [[-1.9288e-01,  3.0686e-01,  4.4032e+00]],

        [[-1.8641e-01,  3.0562e-01,  4.4032e+00]],

        [[-1.8124e-01,  3.0385e-01,  4.3999e+00]],

        [[-1.7527e-01,  3.0269e-01,  4.3947e+00]],

        [[-1.7245e-01,  3.0267e-01,  4.3963e+00]],

        [[-1.6578e-01,  3.0210e-01,  4.3864e+00]],

        [[-1.6390e-01,  3.0194e-01,  4.3912e+00]],

        [[-1.6115e-01,  3.0184e-01,  4.3901e+00]],

        [[-1.5688e-01,  3.0499e-01,  4.3940e+00]],

        [[-1.5101e-01,  3.0735e-01,  4.3852e+00]],

        [[-1.4641e-01,  3.0878e-01,  4.3793e+00]],

        [[-1.3945e-01,  3.1061e-01,  4.3613e+00]],

        [[-1.3739e-01,  3.0927e-01,  4.3510e+00]],

        [[-1.3368e-01,  3.1009e-01,  4.3531e+00]],

        [[-1.3254e-01,  3.0893e-01,  4.3530e+00]],

        [[-1.2990e-01,  3.1164e-01,  4.3491e+00]],

        [[-1.3384e-01,  3.1198e-01,  4.3675e+00]],

        [[-1.3788e-01,  3.0776e-01,  4.3773e+00]],

        [[-1.4474e-01,  3.1104e-01,  4.3510e+00]],

        [[-1.5106e-01,  3.1303e-01,  4.3594e+00]],

        [[-1.6062e-01,  3.1543e-01,  4.3611e+00]],

        [[-1.6673e-01,  3.1303e-01,  4.3468e+00]],

        [[-1.7465e-01,  3.1342e-01,  4.3553e+00]],

        [[-1.8573e-01,  3.1011e-01,  4.3388e+00]],

        [[-1.9269e-01,  3.0997e-01,  4.3284e+00]],

        [[-1.9864e-01,  3.0570e-01,  4.3231e+00]],

        [[-2.0315e-01,  3.0523e-01,  4.3192e+00]],

        [[-1.9851e-01,  3.0667e-01,  4.3052e+00]],

        [[-1.9632e-01,  3.0631e-01,  4.3219e+00]],

        [[-1.9155e-01,  3.1098e-01,  4.3641e+00]],

        [[-1.8855e-01,  3.1056e-01,  4.4238e+00]],

        [[-1.8473e-01,  3.1395e-01,  4.4898e+00]],

        [[-1.7765e-01,  3.2264e-01,  4.5159e+00]],

        [[-1.7048e-01,  3.2382e-01,  4.4907e+00]],

        [[-1.6420e-01,  3.2608e-01,  4.4966e+00]],

        [[-1.5487e-01,  3.2552e-01,  4.4858e+00]],

        [[-1.4940e-01,  3.2400e-01,  4.4923e+00]],

        [[-1.4034e-01,  3.2561e-01,  4.4933e+00]],

        [[-1.3047e-01,  3.2956e-01,  4.4886e+00]],

        [[-1.1911e-01,  3.2955e-01,  4.4890e+00]],

        [[-1.1045e-01,  3.3064e-01,  4.4922e+00]],

        [[-9.9872e-02,  3.3068e-01,  4.5045e+00]],

        [[-9.0111e-02,  3.2948e-01,  4.5128e+00]],

        [[-7.9485e-02,  3.2876e-01,  4.5198e+00]],

        [[-6.7348e-02,  3.2836e-01,  4.5145e+00]],

        [[-5.5701e-02,  3.2708e-01,  4.5132e+00]],

        [[-4.6850e-02,  3.2754e-01,  4.5155e+00]],

        [[-3.7946e-02,  3.2544e-01,  4.4998e+00]],

        [[-3.0928e-02,  3.2453e-01,  4.4818e+00]],

        [[-2.4477e-02,  3.2209e-01,  4.4689e+00]],

        [[-1.6480e-02,  3.2170e-01,  4.4455e+00]],

        [[-1.0646e-02,  3.2049e-01,  4.4190e+00]],

        [[-4.0773e-03,  3.1699e-01,  4.4114e+00]],

        [[ 1.1893e-04,  3.1647e-01,  4.3851e+00]],

        [[ 9.9733e-04,  3.1721e-01,  4.3891e+00]],

        [[ 3.3613e-03,  3.1670e-01,  4.3804e+00]],

        [[ 3.8689e-03,  3.1653e-01,  4.3696e+00]],

        [[ 9.0919e-03,  3.1780e-01,  4.3615e+00]],

        [[ 1.1576e-02,  3.2139e-01,  4.3424e+00]],

        [[ 1.7869e-02,  3.1716e-01,  4.3580e+00]],

        [[ 2.1661e-02,  3.1894e-01,  4.3600e+00]],

        [[ 1.8641e-02,  3.2145e-01,  4.3574e+00]],

        [[ 2.1510e-02,  3.2147e-01,  4.3598e+00]],

        [[ 2.3567e-02,  3.1871e-01,  4.3008e+00]],

        [[ 2.4238e-02,  3.1612e-01,  4.2840e+00]],

        [[ 2.0616e-02,  3.1530e-01,  4.2534e+00]],

        [[ 1.8202e-02,  3.1677e-01,  4.2345e+00]],

        [[ 1.4383e-02,  3.1962e-01,  4.2269e+00]],

        [[ 1.0215e-02,  3.2220e-01,  4.2476e+00]],

        [[ 4.4772e-03,  3.2329e-01,  4.2435e+00]],

        [[-3.0857e-03,  3.3000e-01,  4.2516e+00]],

        [[-8.0165e-03,  3.3304e-01,  4.2659e+00]],

        [[-1.3439e-02,  3.3260e-01,  4.2698e+00]],

        [[-2.0129e-02,  3.3413e-01,  4.2733e+00]],

        [[-2.6531e-02,  3.3388e-01,  4.2638e+00]],

        [[-3.2938e-02,  3.3453e-01,  4.2473e+00]],

        [[-3.8680e-02,  3.3294e-01,  4.2523e+00]],

        [[-4.1237e-02,  3.2967e-01,  4.2556e+00]],

        [[-4.6382e-02,  3.3008e-01,  4.2690e+00]],

        [[-5.0006e-02,  3.2861e-01,  4.2608e+00]],

        [[-5.3754e-02,  3.2646e-01,  4.2553e+00]],

        [[-5.6551e-02,  3.2538e-01,  4.2685e+00]],

        [[-5.8321e-02,  3.2485e-01,  4.2598e+00]],

        [[-6.0819e-02,  3.2386e-01,  4.2546e+00]],

        [[-5.9819e-02,  3.2215e-01,  4.2592e+00]],

        [[-6.0837e-02,  3.2007e-01,  4.2519e+00]],

        [[-6.0240e-02,  3.2446e-01,  4.2537e+00]],

        [[-6.3038e-02,  3.2953e-01,  4.2662e+00]],

        [[-6.2329e-02,  3.2794e-01,  4.2697e+00]],

        [[-5.9200e-02,  3.2631e-01,  4.2557e+00]],

        [[-5.8920e-02,  3.2297e-01,  4.2683e+00]],

        [[-5.8799e-02,  3.2084e-01,  4.2632e+00]],

        [[-5.8553e-02,  3.2097e-01,  4.2624e+00]],

        [[-5.7449e-02,  3.2127e-01,  4.2627e+00]],

        [[-5.8729e-02,  3.2186e-01,  4.2603e+00]],

        [[-5.6914e-02,  3.2530e-01,  4.2550e+00]],

        [[-5.5653e-02,  3.2837e-01,  4.2559e+00]],

        [[-5.4405e-02,  3.2510e-01,  4.2458e+00]],

        [[-5.2327e-02,  3.2281e-01,  4.2364e+00]],

        [[-4.8399e-02,  3.2443e-01,  4.2594e+00]],

        [[-4.6336e-02,  3.2321e-01,  4.2539e+00]],

        [[-4.1244e-02,  3.2357e-01,  4.2796e+00]],

        [[-4.3098e-02,  3.2132e-01,  4.2740e+00]],

        [[-4.4474e-02,  3.2143e-01,  4.2959e+00]],

        [[-4.3509e-02,  3.2421e-01,  4.3250e+00]],

        [[-4.4150e-02,  3.2874e-01,  4.3784e+00]],

        [[-4.4443e-02,  3.3177e-01,  4.3851e+00]],

        [[-4.3672e-02,  3.3298e-01,  4.3921e+00]],

        [[-4.5508e-02,  3.3517e-01,  4.4124e+00]],

        [[-4.9286e-02,  3.3320e-01,  4.4080e+00]],

        [[-5.1454e-02,  3.3093e-01,  4.4126e+00]],

        [[-5.7041e-02,  3.2941e-01,  4.4302e+00]],

        [[-6.7405e-02,  3.2693e-01,  4.4313e+00]],

        [[-7.2140e-02,  3.3189e-01,  4.4297e+00]],

        [[-8.3894e-02,  3.3245e-01,  4.4214e+00]],

        [[-9.4649e-02,  3.2905e-01,  4.4033e+00]],

        [[-1.0683e-01,  3.2772e-01,  4.4006e+00]],

        [[-1.2132e-01,  3.2475e-01,  4.4004e+00]],

        [[-1.4638e-01,  3.2429e-01,  4.3759e+00]],

        [[-1.5853e-01,  3.2412e-01,  4.3724e+00]],

        [[-1.6914e-01,  3.2168e-01,  4.3644e+00]],

        [[-1.7957e-01,  3.1896e-01,  4.3682e+00]],

        [[-1.8849e-01,  3.1996e-01,  4.4010e+00]],

        [[-1.9860e-01,  3.1820e-01,  4.4210e+00]],

        [[-2.0225e-01,  3.1600e-01,  4.4175e+00]],

        [[-2.1041e-01,  3.1481e-01,  4.4029e+00]],

        [[-2.2017e-01,  3.1498e-01,  4.4006e+00]],

        [[-2.1852e-01,  3.1695e-01,  4.3849e+00]],

        [[-2.2197e-01,  3.2667e-01,  4.3841e+00]],

        [[-2.2092e-01,  3.3402e-01,  4.3921e+00]],

        [[-2.1863e-01,  3.3618e-01,  4.3955e+00]],

        [[-2.0392e-01,  3.3324e-01,  4.3961e+00]],

        [[-1.9727e-01,  3.3099e-01,  4.4083e+00]],

        [[-1.8283e-01,  3.2609e-01,  4.4260e+00]],

        [[-1.7239e-01,  3.1185e-01,  4.4389e+00]],

        [[-1.6433e-01,  2.9883e-01,  4.4217e+00]],

        [[-1.4949e-01,  2.9211e-01,  4.4267e+00]],

        [[-1.3129e-01,  2.8782e-01,  4.3154e+00]],

        [[-1.1426e-01,  2.8507e-01,  4.3139e+00]],

        [[-1.0704e-01,  2.9360e-01,  4.3336e+00]],

        [[-1.0834e-01,  3.0151e-01,  4.3534e+00]],

        [[-1.0852e-01,  3.0672e-01,  4.3719e+00]],

        [[-1.0751e-01,  3.0668e-01,  4.3378e+00]],

        [[-1.1130e-01,  3.1713e-01,  4.3298e+00]],

        [[-1.1601e-01,  3.3814e-01,  4.3330e+00]],

        [[-1.1347e-01,  3.5796e-01,  4.3466e+00]],

        [[-1.1076e-01,  3.7061e-01,  4.3004e+00]],

        [[-1.0870e-01,  3.8247e-01,  4.2771e+00]],

        [[-1.0983e-01,  3.9777e-01,  4.3075e+00]],

        [[-1.1136e-01,  4.1507e-01,  4.3024e+00]],

        [[-1.1102e-01,  4.2620e-01,  4.3449e+00]],

        [[-1.0910e-01,  4.4114e-01,  4.3480e+00]],

        [[-1.0974e-01,  4.5208e-01,  4.3745e+00]],

        [[-1.1661e-01,  4.6044e-01,  4.3791e+00]],

        [[-1.2059e-01,  4.6710e-01,  4.3840e+00]],

        [[-1.2510e-01,  4.7504e-01,  4.3964e+00]],

        [[-1.2662e-01,  4.7965e-01,  4.3810e+00]],

        [[-1.2794e-01,  4.8143e-01,  4.3803e+00]],

        [[-1.2829e-01,  4.7997e-01,  4.3740e+00]],

        [[-1.2700e-01,  4.7580e-01,  4.3732e+00]],

        [[-1.2484e-01,  4.7169e-01,  4.3657e+00]],

        [[-1.2484e-01,  4.6139e-01,  4.3541e+00]],

        [[-1.2260e-01,  4.5133e-01,  4.3435e+00]],

        [[-1.1780e-01,  4.3371e-01,  4.2997e+00]],

        [[-1.1280e-01,  4.1654e-01,  4.3065e+00]],

        [[-1.0598e-01,  4.0150e-01,  4.3254e+00]],

        [[-9.9974e-02,  3.7447e-01,  4.3079e+00]],

        [[-9.1986e-02,  3.4841e-01,  4.2958e+00]],

        [[-8.1567e-02,  3.4250e-01,  4.3220e+00]],

        [[-7.0232e-02,  3.3367e-01,  4.3874e+00]],

        [[-5.8549e-02,  3.0846e-01,  4.3696e+00]],

        [[-4.4225e-02,  2.8166e-01,  4.3522e+00]],

        [[-5.1109e-02,  2.6823e-01,  4.3623e+00]],

        [[-3.7948e-02,  2.5601e-01,  4.3752e+00]],

        [[-2.9847e-02,  2.5628e-01,  4.3699e+00]],

        [[-3.6883e-02,  2.6583e-01,  4.3122e+00]],

        [[-3.4594e-02,  2.6405e-01,  4.3275e+00]],

        [[-2.8718e-02,  2.6748e-01,  4.3945e+00]],

        [[-2.5826e-02,  2.6628e-01,  4.3892e+00]],

        [[-1.4186e-02,  2.7439e-01,  4.3872e+00]],

        [[-6.0335e-03,  2.8314e-01,  4.4317e+00]],

        [[-1.0477e-02,  2.9222e-01,  4.3944e+00]],

        [[-3.0252e-03,  3.0234e-01,  4.4267e+00]],

        [[-2.5957e-03,  2.9857e-01,  4.4082e+00]],

        [[-5.6864e-03,  2.9512e-01,  4.4122e+00]],

        [[-8.5115e-03,  2.9254e-01,  4.4055e+00]],

        [[-1.0001e-02,  2.9602e-01,  4.4326e+00]],

        [[-9.9719e-03,  2.9360e-01,  4.3956e+00]],

        [[-1.4773e-02,  2.9191e-01,  4.3368e+00]],

        [[-1.6904e-02,  2.9417e-01,  4.3486e+00]],

        [[-1.4610e-02,  2.9567e-01,  4.3540e+00]],

        [[-1.6493e-02,  3.0278e-01,  4.3684e+00]],

        [[-1.7982e-02,  3.0205e-01,  4.3758e+00]],

        [[-1.7357e-02,  3.0431e-01,  4.3735e+00]],

        [[-1.6904e-02,  3.0627e-01,  4.3892e+00]],

        [[-1.5074e-02,  3.0710e-01,  4.3737e+00]],

        [[-1.1610e-02,  3.0224e-01,  4.3430e+00]],

        [[-1.9833e-03,  3.0144e-01,  4.3055e+00]],

        [[ 5.3036e-03,  2.9812e-01,  4.2885e+00]],

        [[ 1.0580e-02,  2.9461e-01,  4.2579e+00]],

        [[ 2.1020e-02,  2.9681e-01,  4.2511e+00]],

        [[ 2.9759e-02,  3.0099e-01,  4.2418e+00]],

        [[ 4.0555e-02,  3.0642e-01,  4.2297e+00]],

        [[ 4.8325e-02,  3.0676e-01,  4.2188e+00]],

        [[ 5.3753e-02,  3.0608e-01,  4.2240e+00]],

        [[ 6.2837e-02,  3.0289e-01,  4.1901e+00]],

        [[ 6.4245e-02,  2.9347e-01,  4.1898e+00]],

        [[ 6.1574e-02,  2.9057e-01,  4.1774e+00]],

        [[ 6.2813e-02,  2.9457e-01,  4.1906e+00]],

        [[ 6.0672e-02,  3.0584e-01,  4.2596e+00]],

        [[ 5.6793e-02,  3.1207e-01,  4.3374e+00]],

        [[ 6.3490e-02,  3.0424e-01,  4.4011e+00]],

        [[ 7.6785e-02,  3.0957e-01,  4.4668e+00]],

        [[ 8.0273e-02,  3.0893e-01,  4.4661e+00]],

        [[ 8.6570e-02,  3.2678e-01,  4.4880e+00]],

        [[ 8.6972e-02,  3.3888e-01,  4.4289e+00]],

        [[ 8.4393e-02,  3.5187e-01,  4.3505e+00]],

        [[ 7.0932e-02,  3.6565e-01,  4.3401e+00]],

        [[ 5.9175e-02,  3.4576e-01,  4.2996e+00]],

        [[ 4.4978e-02,  3.6284e-01,  4.2433e+00]],

        [[ 3.4061e-02,  3.6349e-01,  4.2473e+00]],

        [[ 2.1346e-02,  3.8665e-01,  4.2473e+00]],

        [[ 6.4531e-03,  3.8918e-01,  4.2479e+00]],

        [[-1.7380e-02,  4.0570e-01,  4.2461e+00]],

        [[-4.4084e-02,  4.1207e-01,  4.2864e+00]],

        [[-6.1581e-02,  4.3228e-01,  4.2487e+00]],

        [[-7.9222e-02,  4.3473e-01,  4.2494e+00]],

        [[-9.3061e-02,  4.3829e-01,  4.2240e+00]],

        [[-1.0688e-01,  4.5116e-01,  4.2382e+00]],

        [[-1.1481e-01,  4.5537e-01,  4.2092e+00]],

        [[-1.2883e-01,  4.6737e-01,  4.2284e+00]],

        [[-1.4356e-01,  4.7025e-01,  4.1862e+00]],

        [[-1.5358e-01,  4.7292e-01,  4.1771e+00]],

        [[-1.6642e-01,  4.7848e-01,  4.2009e+00]],

        [[-1.7423e-01,  4.8048e-01,  4.2053e+00]],

        [[-1.8267e-01,  4.7989e-01,  4.2175e+00]],

        [[-1.8622e-01,  4.7787e-01,  4.2143e+00]],

        [[-1.8984e-01,  4.7044e-01,  4.2326e+00]],

        [[-1.9153e-01,  4.5882e-01,  4.2419e+00]],

        [[-1.9442e-01,  4.4448e-01,  4.2340e+00]],

        [[-1.9622e-01,  4.2464e-01,  4.2125e+00]],

        [[-2.0261e-01,  4.0817e-01,  4.1873e+00]],

        [[-2.1105e-01,  3.9820e-01,  4.1891e+00]],

        [[-2.2097e-01,  3.7674e-01,  4.1702e+00]],

        [[-2.2725e-01,  3.5614e-01,  4.1817e+00]],

        [[-2.4029e-01,  3.3857e-01,  4.1923e+00]],

        [[-2.4082e-01,  3.2114e-01,  4.1555e+00]],

        [[-2.5119e-01,  3.1628e-01,  4.1803e+00]],

        [[-2.6169e-01,  3.0564e-01,  4.2203e+00]],

        [[-2.7066e-01,  3.0117e-01,  4.2341e+00]],

        [[-2.7191e-01,  2.8964e-01,  4.2032e+00]],

        [[-2.7633e-01,  2.8793e-01,  4.1981e+00]],

        [[-2.8290e-01,  2.9108e-01,  4.2090e+00]],

        [[-2.8762e-01,  2.9627e-01,  4.2304e+00]],

        [[-2.9516e-01,  3.0286e-01,  4.2501e+00]],

        [[-3.0079e-01,  3.0289e-01,  4.2454e+00]],

        [[-3.0247e-01,  3.2085e-01,  4.2764e+00]],

        [[-2.9734e-01,  3.2993e-01,  4.3183e+00]],

        [[-2.8950e-01,  3.2810e-01,  4.3652e+00]],

        [[-2.8189e-01,  3.3285e-01,  4.4040e+00]],

        [[-2.7378e-01,  3.2841e-01,  4.4448e+00]],

        [[-2.5953e-01,  3.1848e-01,  4.4354e+00]],

        [[-2.4594e-01,  3.2369e-01,  4.3894e+00]],

        [[-2.3141e-01,  3.2302e-01,  4.4024e+00]],

        [[-2.0978e-01,  3.2813e-01,  4.4082e+00]],

        [[-1.9049e-01,  3.1324e-01,  4.3543e+00]],

        [[-1.8512e-01,  3.1620e-01,  4.3668e+00]],

        [[-1.7795e-01,  3.2163e-01,  4.3710e+00]],

        [[-1.7379e-01,  3.2423e-01,  4.3948e+00]],

        [[-1.6527e-01,  3.1554e-01,  4.4322e+00]],

        [[-1.5564e-01,  3.1665e-01,  4.4520e+00]],

        [[-1.5387e-01,  3.2013e-01,  4.4663e+00]],

        [[-1.4650e-01,  3.2136e-01,  4.4849e+00]],

        [[-1.3895e-01,  3.1894e-01,  4.4870e+00]],

        [[-1.2825e-01,  3.1395e-01,  4.4901e+00]],

        [[-1.1714e-01,  3.1424e-01,  4.4815e+00]],

        [[-1.0516e-01,  3.1387e-01,  4.4930e+00]],

        [[-9.1370e-02,  3.1028e-01,  4.4850e+00]],

        [[-7.6238e-02,  2.9982e-01,  4.4419e+00]],

        [[-6.0048e-02,  3.0124e-01,  4.4675e+00]],

        [[-4.8318e-02,  2.9954e-01,  4.4586e+00]],

        [[-3.8193e-02,  3.0108e-01,  4.4723e+00]],

        [[-2.8636e-02,  3.0000e-01,  4.4628e+00]],

        [[-2.2431e-02,  3.0440e-01,  4.4755e+00]],

        [[-1.8473e-02,  3.0279e-01,  4.4910e+00]],

        [[-1.6612e-02,  3.0481e-01,  4.4828e+00]],

        [[-1.2208e-02,  3.0373e-01,  4.4736e+00]],

        [[-1.0624e-02,  3.0510e-01,  4.4477e+00]],

        [[-1.0404e-02,  3.0891e-01,  4.4396e+00]],

        [[-1.0840e-02,  3.0944e-01,  4.4143e+00]],

        [[-1.3000e-02,  3.0600e-01,  4.4124e+00]],

        [[-1.5529e-02,  3.1128e-01,  4.4133e+00]],

        [[-2.2890e-02,  3.1193e-01,  4.4121e+00]],

        [[-2.6572e-02,  3.0761e-01,  4.4238e+00]],

        [[-3.4107e-02,  3.0144e-01,  4.3837e+00]],

        [[-3.6758e-02,  3.0064e-01,  4.3527e+00]],

        [[-4.2603e-02,  3.0087e-01,  4.3235e+00]],

        [[-5.2135e-02,  3.0535e-01,  4.2722e+00]],

        [[-6.2901e-02,  3.0367e-01,  4.2440e+00]],

        [[-7.4029e-02,  3.0512e-01,  4.2497e+00]],

        [[-8.9382e-02,  3.0527e-01,  4.2584e+00]],

        [[-1.0143e-01,  3.0937e-01,  4.2387e+00]],

        [[-1.1390e-01,  3.1381e-01,  4.2328e+00]],

        [[-1.3072e-01,  3.1739e-01,  4.2509e+00]],

        [[-1.4569e-01,  3.1724e-01,  4.2733e+00]],

        [[-1.5805e-01,  3.1688e-01,  4.3052e+00]],

        [[-1.6543e-01,  3.1491e-01,  4.3520e+00]],

        [[-1.7412e-01,  3.1697e-01,  4.3772e+00]],

        [[-1.8053e-01,  3.1726e-01,  4.3845e+00]],

        [[-1.8673e-01,  3.1827e-01,  4.3879e+00]],

        [[-1.9116e-01,  3.2020e-01,  4.3689e+00]],

        [[-1.9796e-01,  3.2774e-01,  4.3273e+00]],

        [[-1.9431e-01,  3.3925e-01,  4.2493e+00]],

        [[-2.0481e-01,  3.3064e-01,  4.2271e+00]],

        [[-2.1956e-01,  3.3536e-01,  4.2686e+00]],

        [[-2.3688e-01,  3.3838e-01,  4.2826e+00]],

        [[-2.5292e-01,  3.2894e-01,  4.2726e+00]],

        [[-2.6124e-01,  3.2107e-01,  4.2723e+00]],

        [[-2.6472e-01,  3.1143e-01,  4.2142e+00]],

        [[-2.6248e-01,  2.9795e-01,  4.1540e+00]],

        [[-2.6581e-01,  2.9802e-01,  4.1670e+00]],

        [[-2.7332e-01,  2.9261e-01,  4.1813e+00]],

        [[-2.7718e-01,  2.9006e-01,  4.1794e+00]],

        [[-2.8566e-01,  2.8915e-01,  4.2233e+00]],

        [[-2.8699e-01,  2.8697e-01,  4.1912e+00]],

        [[-2.8844e-01,  2.8282e-01,  4.1635e+00]],

        [[-2.8433e-01,  2.7536e-01,  4.1572e+00]],

        [[-2.8561e-01,  2.7675e-01,  4.1460e+00]],

        [[-2.8604e-01,  2.8083e-01,  4.1285e+00]],

        [[-2.8813e-01,  2.7806e-01,  4.1525e+00]],

        [[-2.8387e-01,  2.8107e-01,  4.1746e+00]],

        [[-2.8109e-01,  2.8161e-01,  4.1997e+00]],

        [[-2.7733e-01,  2.8414e-01,  4.2308e+00]],

        [[-2.6820e-01,  2.7746e-01,  4.2252e+00]],

        [[-2.5581e-01,  2.7646e-01,  4.2733e+00]],

        [[-2.4598e-01,  2.7103e-01,  4.3031e+00]],

        [[-2.3660e-01,  2.8074e-01,  4.3401e+00]],

        [[-2.2901e-01,  2.9354e-01,  4.3774e+00]],

        [[-2.2507e-01,  2.8987e-01,  4.3823e+00]],

        [[-2.1681e-01,  2.8287e-01,  4.3808e+00]],

        [[-2.0713e-01,  2.6940e-01,  4.3646e+00]],

        [[-1.9684e-01,  2.6039e-01,  4.3229e+00]],

        [[-1.8527e-01,  2.5536e-01,  4.2751e+00]],

        [[-1.6998e-01,  2.5770e-01,  4.2497e+00]],

        [[-1.5951e-01,  2.9548e-01,  4.3695e+00]],

        [[-1.4528e-01,  2.9729e-01,  4.2938e+00]],

        [[-1.3227e-01,  2.9580e-01,  4.2734e+00]],

        [[-1.2246e-01,  3.0041e-01,  4.2935e+00]],

        [[-1.1571e-01,  2.9979e-01,  4.2961e+00]],

        [[-1.0516e-01,  2.9335e-01,  4.2308e+00]],

        [[-9.5030e-02,  2.8699e-01,  4.2362e+00]],

        [[-8.5995e-02,  2.7862e-01,  4.2420e+00]],

        [[-7.9307e-02,  2.7680e-01,  4.2788e+00]],

        [[-7.3943e-02,  2.7769e-01,  4.2638e+00]],

        [[-6.7496e-02,  2.7334e-01,  4.2768e+00]],

        [[-6.2035e-02,  2.6901e-01,  4.2799e+00]],

        [[-5.8300e-02,  2.7161e-01,  4.3195e+00]],

        [[-5.2779e-02,  2.6930e-01,  4.3357e+00]],

        [[-5.2283e-02,  2.7278e-01,  4.3768e+00]],

        [[-5.3256e-02,  2.7910e-01,  4.3763e+00]],

        [[-5.2957e-02,  2.8591e-01,  4.3889e+00]],

        [[-5.5184e-02,  2.8647e-01,  4.3934e+00]],

        [[-5.7086e-02,  2.9064e-01,  4.4073e+00]],

        [[-6.0862e-02,  2.9429e-01,  4.4135e+00]],

        [[-6.4800e-02,  2.9701e-01,  4.4130e+00]],

        [[-7.1721e-02,  3.0028e-01,  4.4171e+00]],

        [[-7.7894e-02,  3.0779e-01,  4.4167e+00]],

        [[-8.7944e-02,  3.0870e-01,  4.4292e+00]],

        [[-9.7175e-02,  3.1220e-01,  4.4511e+00]],

        [[-1.0640e-01,  3.1615e-01,  4.4459e+00]],

        [[-1.1778e-01,  3.1469e-01,  4.4316e+00]],

        [[-1.2813e-01,  3.2345e-01,  4.4652e+00]],

        [[-1.4296e-01,  3.2658e-01,  4.4934e+00]],

        [[-1.5032e-01,  3.2677e-01,  4.4860e+00]],

        [[-1.6060e-01,  3.2921e-01,  4.5135e+00]],

        [[-1.6795e-01,  3.3194e-01,  4.5320e+00]],

        [[-1.7552e-01,  3.3480e-01,  4.5566e+00]],

        [[-1.8368e-01,  3.3183e-01,  4.5589e+00]],

        [[-1.8619e-01,  3.3057e-01,  4.5616e+00]],

        [[-1.8789e-01,  3.3011e-01,  4.5482e+00]],

        [[-1.9195e-01,  3.2234e-01,  4.5124e+00]],

        [[-1.9404e-01,  3.2252e-01,  4.5141e+00]],

        [[-1.9472e-01,  3.1984e-01,  4.5350e+00]],

        [[-1.9576e-01,  3.2486e-01,  4.5723e+00]],

        [[-1.9233e-01,  3.2068e-01,  4.5601e+00]],

        [[-1.9197e-01,  3.2298e-01,  4.5638e+00]],

        [[-1.8998e-01,  3.2329e-01,  4.5701e+00]],

        [[-1.8523e-01,  3.2132e-01,  4.5685e+00]],

        [[-1.8017e-01,  3.2414e-01,  4.5633e+00]],

        [[-1.7455e-01,  3.2866e-01,  4.5715e+00]],

        [[-1.6333e-01,  3.3119e-01,  4.5582e+00]],

        [[-1.5333e-01,  3.3508e-01,  4.5250e+00]],

        [[-1.4557e-01,  3.3387e-01,  4.5262e+00]],

        [[-1.4064e-01,  3.3334e-01,  4.5201e+00]],

        [[-1.3386e-01,  3.2721e-01,  4.5327e+00]],

        [[-1.2624e-01,  3.2797e-01,  4.5221e+00]],

        [[-1.1786e-01,  3.2503e-01,  4.5003e+00]],

        [[-1.0800e-01,  3.2811e-01,  4.4759e+00]],

        [[-1.0051e-01,  3.2493e-01,  4.4629e+00]],

        [[-9.2465e-02,  3.2593e-01,  4.4554e+00]],

        [[-8.3200e-02,  3.1971e-01,  4.4259e+00]],

        [[-7.8543e-02,  3.1779e-01,  4.4278e+00]],

        [[-7.6586e-02,  3.1018e-01,  4.3940e+00]],

        [[-7.1243e-02,  3.0769e-01,  4.3742e+00]],

        [[-6.7589e-02,  3.0133e-01,  4.3381e+00]],

        [[-6.6491e-02,  2.9624e-01,  4.3289e+00]],

        [[-6.1150e-02,  2.9419e-01,  4.3501e+00]],

        [[-5.8981e-02,  2.9307e-01,  4.3169e+00]],

        [[-5.9309e-02,  2.9014e-01,  4.3010e+00]],

        [[-5.8375e-02,  2.8612e-01,  4.2613e+00]],

        [[-5.5871e-02,  2.8673e-01,  4.2661e+00]],

        [[-5.4149e-02,  2.9050e-01,  4.3066e+00]],

        [[-5.5352e-02,  2.9924e-01,  4.3218e+00]],

        [[-5.8770e-02,  2.9922e-01,  4.3475e+00]],

        [[-6.4441e-02,  2.9637e-01,  4.2796e+00]],

        [[-6.7616e-02,  2.9350e-01,  4.2661e+00]],

        [[-7.0248e-02,  2.9667e-01,  4.2902e+00]],

        [[-7.1125e-02,  2.9986e-01,  4.3206e+00]],

        [[-7.0718e-02,  2.9729e-01,  4.3066e+00]],

        [[-7.1249e-02,  2.9967e-01,  4.3194e+00]],

        [[-7.3244e-02,  2.9382e-01,  4.2789e+00]],

        [[-7.3164e-02,  2.9344e-01,  4.2486e+00]],

        [[-7.3542e-02,  3.0174e-01,  4.2665e+00]],

        [[-7.7456e-02,  3.0407e-01,  4.2844e+00]],

        [[-8.4200e-02,  3.0378e-01,  4.3081e+00]],

        [[-8.5355e-02,  2.9583e-01,  4.2567e+00]],

        [[-8.9261e-02,  2.9265e-01,  4.2600e+00]],

        [[-9.0682e-02,  2.9462e-01,  4.2580e+00]],

        [[-9.0801e-02,  3.0093e-01,  4.2611e+00]],

        [[-9.0541e-02,  3.0232e-01,  4.2749e+00]],

        [[-9.0534e-02,  3.0170e-01,  4.2690e+00]],

        [[-9.3446e-02,  2.9970e-01,  4.2417e+00]],

        [[-9.5184e-02,  3.0322e-01,  4.2641e+00]],

        [[-9.6662e-02,  3.0405e-01,  4.2862e+00]],

        [[-9.9081e-02,  3.0495e-01,  4.2873e+00]],

        [[-1.0515e-01,  3.0328e-01,  4.2616e+00]],

        [[-1.0911e-01,  3.0137e-01,  4.2340e+00]],

        [[-1.0693e-01,  3.0970e-01,  4.2699e+00]],

        [[-1.0440e-01,  3.0438e-01,  4.2818e+00]],

        [[-1.0425e-01,  3.0258e-01,  4.2672e+00]],

        [[-1.0647e-01,  3.0132e-01,  4.2527e+00]],

        [[-1.0823e-01,  3.0132e-01,  4.2509e+00]],

        [[-1.0670e-01,  3.0696e-01,  4.2717e+00]],

        [[-1.1123e-01,  3.0825e-01,  4.2917e+00]],

        [[-1.1727e-01,  3.0794e-01,  4.3042e+00]],

        [[-1.1964e-01,  2.9997e-01,  4.2415e+00]],

        [[-1.2156e-01,  2.9838e-01,  4.2389e+00]],

        [[-1.2130e-01,  3.0080e-01,  4.2378e+00]],

        [[-1.2035e-01,  3.0621e-01,  4.2696e+00]],

        [[-1.1885e-01,  3.0404e-01,  4.2662e+00]],

        [[-1.1722e-01,  2.9942e-01,  4.2210e+00]],

        [[-1.1975e-01,  2.9797e-01,  4.2190e+00]],

        [[-1.2045e-01,  3.0115e-01,  4.2441e+00]],

        [[-1.2193e-01,  3.0644e-01,  4.2969e+00]],

        [[-1.2727e-01,  3.0861e-01,  4.3475e+00]],

        [[-1.2711e-01,  3.0407e-01,  4.2938e+00]],

        [[-1.2413e-01,  3.0426e-01,  4.2854e+00]],

        [[-1.2354e-01,  3.0370e-01,  4.2784e+00]],

        [[-1.2232e-01,  3.0284e-01,  4.2880e+00]],

        [[-1.2103e-01,  3.1103e-01,  4.3099e+00]],

        [[-1.1924e-01,  3.1277e-01,  4.3065e+00]],

        [[-1.2147e-01,  3.2520e-01,  4.3734e+00]],

        [[-1.2123e-01,  3.3052e-01,  4.4134e+00]],

        [[-1.2098e-01,  3.3343e-01,  4.4413e+00]],

        [[-1.1726e-01,  3.3969e-01,  4.4962e+00]],

        [[-1.1506e-01,  3.4112e-01,  4.4905e+00]],

        [[-1.1427e-01,  3.3940e-01,  4.5115e+00]],

        [[-1.1096e-01,  3.3736e-01,  4.4871e+00]],

        [[-1.0944e-01,  3.3899e-01,  4.4764e+00]],

        [[-1.0872e-01,  3.3897e-01,  4.5067e+00]],

        [[-1.0452e-01,  3.4035e-01,  4.5432e+00]],

        [[-9.6873e-02,  3.3562e-01,  4.5097e+00]],

        [[-9.0442e-02,  3.2968e-01,  4.4792e+00]],

        [[-8.4196e-02,  3.2927e-01,  4.4736e+00]],

        [[-7.8897e-02,  3.3033e-01,  4.4705e+00]],

        [[-7.6760e-02,  3.2860e-01,  4.4778e+00]],

        [[-7.1544e-02,  3.2914e-01,  4.4781e+00]],

        [[-7.1992e-02,  3.2523e-01,  4.5284e+00]],

        [[-7.1029e-02,  3.2703e-01,  4.5293e+00]],

        [[-6.6560e-02,  3.2815e-01,  4.5079e+00]],

        [[-6.3166e-02,  3.1652e-01,  4.4786e+00]],

        [[-5.9355e-02,  3.1382e-01,  4.4603e+00]],

        [[-5.8231e-02,  3.1467e-01,  4.4775e+00]],

        [[-5.6472e-02,  3.1277e-01,  4.4656e+00]],

        [[-5.8928e-02,  3.0896e-01,  4.4575e+00]],

        [[-6.1145e-02,  3.0968e-01,  4.4363e+00]],

        [[-6.4186e-02,  3.0732e-01,  4.4623e+00]],

        [[-6.5833e-02,  3.0930e-01,  4.4744e+00]],

        [[-7.0117e-02,  3.1461e-01,  4.4911e+00]],

        [[-7.3210e-02,  3.1977e-01,  4.5184e+00]],

        [[-8.0785e-02,  3.2493e-01,  4.5602e+00]],

        [[-8.8729e-02,  3.3010e-01,  4.5952e+00]],

        [[-9.4727e-02,  3.2772e-01,  4.5980e+00]],

        [[-1.0306e-01,  3.3046e-01,  4.6019e+00]],

        [[-1.0887e-01,  3.2866e-01,  4.6332e+00]],

        [[-1.1203e-01,  3.2696e-01,  4.6622e+00]],

        [[-1.1630e-01,  3.2620e-01,  4.7008e+00]],

        [[-1.2010e-01,  3.2993e-01,  4.7302e+00]],

        [[-1.2486e-01,  3.3161e-01,  4.7664e+00]],

        [[-1.2718e-01,  3.3891e-01,  4.7909e+00]],

        [[-1.2884e-01,  3.3787e-01,  4.8082e+00]],

        [[-1.3107e-01,  3.4209e-01,  4.8389e+00]],

        [[-1.3072e-01,  3.4310e-01,  4.8446e+00]],

        [[-1.2995e-01,  3.5599e-01,  4.8968e+00]],

        [[-1.2856e-01,  3.6383e-01,  4.9253e+00]],

        [[-1.3178e-01,  3.7171e-01,  4.9708e+00]],

        [[-1.2923e-01,  3.7522e-01,  5.0108e+00]],

        [[-1.2963e-01,  3.7637e-01,  5.0316e+00]],

        [[-1.2839e-01,  3.8037e-01,  5.0516e+00]],

        [[-1.2784e-01,  3.8538e-01,  5.0713e+00]],

        [[-1.2730e-01,  3.8797e-01,  5.0851e+00]],

        [[-1.2613e-01,  3.8265e-01,  5.0497e+00]],

        [[-1.2638e-01,  3.7833e-01,  5.0392e+00]],

        [[-1.2357e-01,  3.7371e-01,  4.9897e+00]],

        [[-1.2589e-01,  3.7174e-01,  4.9752e+00]],

        [[-1.2378e-01,  3.5968e-01,  4.8926e+00]],

        [[-1.2174e-01,  3.5956e-01,  4.8753e+00]],

        [[-1.2166e-01,  3.4502e-01,  4.8193e+00]],

        [[-1.2103e-01,  3.4750e-01,  4.8271e+00]],

        [[-1.1588e-01,  3.4315e-01,  4.7906e+00]],

        [[-1.0698e-01,  3.2976e-01,  4.7179e+00]],

        [[-1.0253e-01,  3.2971e-01,  4.6947e+00]],

        [[-1.0152e-01,  3.3060e-01,  4.6464e+00]],

        [[-9.9239e-02,  3.2832e-01,  4.6123e+00]],

        [[-9.4607e-02,  3.2356e-01,  4.5907e+00]],

        [[-8.8973e-02,  3.1514e-01,  4.5594e+00]],

        [[-8.1058e-02,  3.1176e-01,  4.5417e+00]],

        [[-7.4409e-02,  3.0880e-01,  4.5396e+00]],

        [[-7.3395e-02,  3.0313e-01,  4.5637e+00]],

        [[-6.9136e-02,  2.9653e-01,  4.5411e+00]],

        [[-6.6653e-02,  2.9585e-01,  4.4995e+00]],

        [[-6.7869e-02,  2.9572e-01,  4.4974e+00]],

        [[-7.1319e-02,  2.9513e-01,  4.4824e+00]],

        [[-7.2284e-02,  2.9065e-01,  4.4428e+00]],

        [[-7.8199e-02,  2.9120e-01,  4.4204e+00]],

        [[-8.5310e-02,  2.9439e-01,  4.4051e+00]],

        [[-9.0147e-02,  2.9532e-01,  4.3960e+00]],

        [[-9.6555e-02,  2.9741e-01,  4.3998e+00]],

        [[-1.0049e-01,  2.9917e-01,  4.3647e+00]],

        [[-1.0666e-01,  3.0327e-01,  4.3243e+00]],

        [[-1.1785e-01,  3.0106e-01,  4.3046e+00]],

        [[-1.3094e-01,  3.0721e-01,  4.3293e+00]],

        [[-1.4503e-01,  3.0878e-01,  4.3222e+00]],

        [[-1.6581e-01,  3.0872e-01,  4.2963e+00]],

        [[-1.8655e-01,  3.1124e-01,  4.2707e+00]],

        [[-2.0235e-01,  3.0514e-01,  4.2526e+00]],

        [[-2.0823e-01,  3.0303e-01,  4.2843e+00]],

        [[-2.2027e-01,  3.0430e-01,  4.2945e+00]],

        [[-2.2628e-01,  3.0127e-01,  4.2952e+00]],

        [[-2.2538e-01,  3.0273e-01,  4.2690e+00]],

        [[-2.2827e-01,  2.9425e-01,  4.2637e+00]],

        [[-2.3188e-01,  2.9270e-01,  4.2654e+00]],

        [[-2.3341e-01,  2.9418e-01,  4.2803e+00]],

        [[-2.3729e-01,  2.8796e-01,  4.2889e+00]],

        [[-2.3745e-01,  2.8394e-01,  4.2656e+00]],

        [[-2.3702e-01,  2.8378e-01,  4.2711e+00]],

        [[-2.3696e-01,  2.8712e-01,  4.2884e+00]],

        [[-2.3885e-01,  2.8957e-01,  4.2896e+00]],

        [[-2.3678e-01,  2.8878e-01,  4.2896e+00]],

        [[-2.3368e-01,  2.8561e-01,  4.2849e+00]],

        [[-2.3526e-01,  2.8553e-01,  4.3162e+00]],

        [[-2.3220e-01,  2.8793e-01,  4.3066e+00]],

        [[-2.2833e-01,  2.9443e-01,  4.3245e+00]],

        [[-2.1977e-01,  2.9612e-01,  4.3102e+00]],

        [[-2.1263e-01,  2.8890e-01,  4.2848e+00]],

        [[-2.1960e-01,  2.8716e-01,  4.3083e+00]],

        [[-2.2033e-01,  2.8665e-01,  4.3253e+00]],

        [[-2.3089e-01,  2.7659e-01,  4.3301e+00]],

        [[-2.3064e-01,  2.7331e-01,  4.3056e+00]],

        [[-2.3389e-01,  2.7411e-01,  4.3276e+00]],

        [[-2.3608e-01,  2.6669e-01,  4.3336e+00]],

        [[-2.2270e-01,  2.7192e-01,  4.2991e+00]],

        [[-2.1654e-01,  2.7872e-01,  4.3041e+00]],

        [[-2.1703e-01,  2.8050e-01,  4.2872e+00]],

        [[-2.2038e-01,  2.7532e-01,  4.3413e+00]],

        [[-2.2314e-01,  2.7085e-01,  4.3529e+00]],

        [[-2.3085e-01,  2.7923e-01,  4.4086e+00]],

        [[-2.4579e-01,  2.9085e-01,  4.4195e+00]],

        [[-2.5398e-01,  2.9044e-01,  4.3697e+00]],

        [[-2.6428e-01,  2.9654e-01,  4.3549e+00]],

        [[-2.7927e-01,  2.9635e-01,  4.3804e+00]],

        [[-2.9402e-01,  2.9839e-01,  4.3724e+00]],

        [[-3.0399e-01,  2.9836e-01,  4.3970e+00]],

        [[-3.1127e-01,  3.0640e-01,  4.4344e+00]],

        [[-3.1885e-01,  3.0585e-01,  4.4063e+00]],

        [[-3.2636e-01,  3.0010e-01,  4.3995e+00]],

        [[-3.2792e-01,  2.9783e-01,  4.3753e+00]],

        [[-3.3247e-01,  3.0424e-01,  4.3563e+00]],

        [[-3.3413e-01,  3.0862e-01,  4.3651e+00]],

        [[-3.3529e-01,  3.1097e-01,  4.3194e+00]],

        [[-3.3233e-01,  3.0620e-01,  4.2934e+00]],

        [[-3.3383e-01,  3.0216e-01,  4.3053e+00]],

        [[-3.3479e-01,  2.9810e-01,  4.3168e+00]],

        [[-3.4125e-01,  2.9839e-01,  4.3238e+00]],

        [[-3.4229e-01,  3.0221e-01,  4.3560e+00]],

        [[-3.4279e-01,  3.1035e-01,  4.3859e+00]],

        [[-3.4158e-01,  3.1203e-01,  4.4005e+00]],

        [[-3.4278e-01,  3.1645e-01,  4.4069e+00]],

        [[-3.4299e-01,  3.1861e-01,  4.4091e+00]],

        [[-3.4312e-01,  3.2205e-01,  4.4279e+00]],

        [[-3.4346e-01,  3.1828e-01,  4.4150e+00]],

        [[-3.4501e-01,  3.2139e-01,  4.4126e+00]],

        [[-3.4485e-01,  3.1809e-01,  4.4256e+00]],

        [[-3.4551e-01,  3.1210e-01,  4.4100e+00]],

        [[-3.4329e-01,  3.0398e-01,  4.3670e+00]],

        [[-3.3656e-01,  3.0308e-01,  4.3727e+00]],

        [[-3.3308e-01,  3.0810e-01,  4.3715e+00]],

        [[-3.3132e-01,  3.1517e-01,  4.3792e+00]],

        [[-3.2683e-01,  3.1100e-01,  4.3888e+00]],

        [[-3.1694e-01,  3.0632e-01,  4.3662e+00]],

        [[-3.0306e-01,  3.0392e-01,  4.3445e+00]],

        [[-2.9024e-01,  3.0240e-01,  4.3587e+00]],

        [[-2.7623e-01,  2.9513e-01,  4.3271e+00]],

        [[-2.5307e-01,  2.7930e-01,  4.2659e+00]],

        [[-2.4057e-01,  2.7521e-01,  4.2926e+00]],

        [[-2.2811e-01,  2.7571e-01,  4.3408e+00]],

        [[-2.1468e-01,  2.7575e-01,  4.3336e+00]],

        [[-1.9680e-01,  2.7406e-01,  4.3189e+00]],

        [[-1.8569e-01,  2.7540e-01,  4.3193e+00]],

        [[-1.7556e-01,  2.6741e-01,  4.2973e+00]],

        [[-1.6684e-01,  2.6663e-01,  4.3019e+00]],

        [[-1.5868e-01,  2.6653e-01,  4.3017e+00]],

        [[-1.5271e-01,  2.6394e-01,  4.3027e+00]],

        [[-1.4263e-01,  2.6640e-01,  4.3108e+00]],

        [[-1.2908e-01,  2.7209e-01,  4.3159e+00]],

        [[-1.1879e-01,  2.7842e-01,  4.2969e+00]],

        [[-1.1161e-01,  2.8027e-01,  4.3163e+00]],

        [[-1.0111e-01,  2.8294e-01,  4.3298e+00]],

        [[-9.1322e-02,  2.8723e-01,  4.3217e+00]],

        [[-7.8956e-02,  2.8672e-01,  4.2773e+00]],

        [[-6.7925e-02,  2.8610e-01,  4.2832e+00]],

        [[-6.0402e-02,  2.7952e-01,  4.2932e+00]],

        [[-5.2031e-02,  2.7988e-01,  4.2897e+00]],

        [[-4.4272e-02,  2.7856e-01,  4.2795e+00]],

        [[-4.3431e-02,  2.8177e-01,  4.2843e+00]],

        [[-4.3571e-02,  2.8950e-01,  4.3424e+00]],

        [[-4.8956e-02,  2.8946e-01,  4.3677e+00]],

        [[-5.2772e-02,  2.9866e-01,  4.4031e+00]],

        [[-5.3149e-02,  3.0369e-01,  4.4300e+00]],

        [[-5.0279e-02,  3.0600e-01,  4.4521e+00]],

        [[-5.0419e-02,  3.0924e-01,  4.4563e+00]],

        [[-5.5300e-02,  3.1255e-01,  4.4612e+00]],

        [[-5.9402e-02,  3.1340e-01,  4.4279e+00]],

        [[-6.2365e-02,  3.1593e-01,  4.4367e+00]],

        [[-6.6940e-02,  3.1469e-01,  4.4077e+00]],

        [[-7.1836e-02,  3.1413e-01,  4.4162e+00]],

        [[-8.0238e-02,  3.1457e-01,  4.4170e+00]],

        [[-8.9010e-02,  3.1302e-01,  4.4201e+00]],

        [[-1.0218e-01,  3.1249e-01,  4.4283e+00]],

        [[-1.0912e-01,  3.1277e-01,  4.4077e+00]],

        [[-1.2086e-01,  3.1019e-01,  4.3948e+00]],

        [[-1.2874e-01,  3.0830e-01,  4.3888e+00]],

        [[-1.3954e-01,  3.0594e-01,  4.3724e+00]],

        [[-1.4732e-01,  3.0623e-01,  4.3639e+00]],

        [[-1.5886e-01,  3.0818e-01,  4.3703e+00]],

        [[-1.6716e-01,  3.0984e-01,  4.3749e+00]],

        [[-1.7658e-01,  3.0513e-01,  4.4040e+00]],

        [[-1.8104e-01,  3.0351e-01,  4.4153e+00]],

        [[-1.8120e-01,  3.0087e-01,  4.4045e+00]],

        [[-1.8370e-01,  2.9560e-01,  4.3752e+00]],

        [[-1.8606e-01,  2.9311e-01,  4.3748e+00]],

        [[-1.8635e-01,  2.9659e-01,  4.3620e+00]],

        [[-1.8575e-01,  2.9334e-01,  4.3468e+00]],

        [[-1.8196e-01,  2.9226e-01,  4.3203e+00]],

        [[-1.7734e-01,  2.9750e-01,  4.3432e+00]],

        [[-1.6431e-01,  3.0360e-01,  4.3450e+00]],

        [[-1.6058e-01,  3.0448e-01,  4.3769e+00]],

        [[-1.5590e-01,  3.1145e-01,  4.4367e+00]],

        [[-1.4415e-01,  3.1098e-01,  4.4735e+00]],

        [[-1.2917e-01,  3.1153e-01,  4.4876e+00]],

        [[-1.1706e-01,  3.1422e-01,  4.4777e+00]],

        [[-1.0940e-01,  3.1983e-01,  4.4879e+00]],

        [[-1.0557e-01,  3.2158e-01,  4.5177e+00]],

        [[-1.0275e-01,  3.2278e-01,  4.5160e+00]],

        [[-9.3998e-02,  3.2878e-01,  4.5751e+00]],

        [[-9.1877e-02,  3.3341e-01,  4.6224e+00]],

        [[-9.1009e-02,  3.3267e-01,  4.6200e+00]],

        [[-9.1385e-02,  3.3395e-01,  4.6496e+00]],

        [[-8.8734e-02,  3.4519e-01,  4.6874e+00]],

        [[-8.8083e-02,  3.4986e-01,  4.7444e+00]],

        [[-8.2712e-02,  3.4896e-01,  4.7381e+00]],

        [[-7.9432e-02,  3.5333e-01,  4.7363e+00]],

        [[-7.3947e-02,  3.6009e-01,  4.7525e+00]],

        [[-7.2815e-02,  3.5723e-01,  4.7007e+00]],

        [[-7.2286e-02,  3.5878e-01,  4.6798e+00]],

        [[-6.8860e-02,  3.5742e-01,  4.6463e+00]],

        [[-6.3809e-02,  3.5898e-01,  4.6627e+00]],

        [[-6.5731e-02,  3.5941e-01,  4.6582e+00]],

        [[-6.7832e-02,  3.6298e-01,  4.6602e+00]],

        [[-6.6221e-02,  3.6181e-01,  4.6387e+00]],

        [[-6.8646e-02,  3.6092e-01,  4.6272e+00]],

        [[-6.8347e-02,  3.6096e-01,  4.6194e+00]],

        [[-7.2144e-02,  3.5831e-01,  4.6534e+00]],

        [[-7.1235e-02,  3.5386e-01,  4.6702e+00]],

        [[-7.1894e-02,  3.4308e-01,  4.6523e+00]],

        [[-7.2239e-02,  3.4285e-01,  4.6141e+00]],

        [[-7.0947e-02,  3.4023e-01,  4.5534e+00]],

        [[-7.2092e-02,  3.3121e-01,  4.5095e+00]],

        [[-7.4022e-02,  3.2563e-01,  4.4843e+00]],

        [[-8.6126e-02,  3.2270e-01,  4.4663e+00]],

        [[-9.4723e-02,  3.1501e-01,  4.4561e+00]],

        [[-1.0195e-01,  3.1234e-01,  4.3866e+00]],

        [[-1.1693e-01,  3.0970e-01,  4.3654e+00]],

        [[-1.2923e-01,  3.0565e-01,  4.3078e+00]],

        [[-1.3384e-01,  3.0058e-01,  4.2789e+00]],

        [[-1.4311e-01,  2.9403e-01,  4.2368e+00]],

        [[-1.4909e-01,  2.8999e-01,  4.2515e+00]],

        [[-1.5726e-01,  2.8750e-01,  4.2519e+00]],

        [[-1.6066e-01,  2.8934e-01,  4.2401e+00]],

        [[-1.6299e-01,  2.9448e-01,  4.2326e+00]],

        [[-1.7435e-01,  2.9571e-01,  4.2411e+00]],

        [[-1.8784e-01,  2.9594e-01,  4.2658e+00]],

        [[-1.9764e-01,  2.9796e-01,  4.2730e+00]],

        [[-2.0845e-01,  3.0241e-01,  4.2945e+00]],

        [[-2.2070e-01,  3.0557e-01,  4.3518e+00]],

        [[-2.2953e-01,  3.0948e-01,  4.3730e+00]],

        [[-2.3832e-01,  3.1374e-01,  4.4067e+00]],

        [[-2.4958e-01,  3.1629e-01,  4.4457e+00]],

        [[-2.5845e-01,  3.1657e-01,  4.4752e+00]],

        [[-2.7115e-01,  3.1864e-01,  4.5153e+00]],

        [[-2.7906e-01,  3.2259e-01,  4.5198e+00]],

        [[-2.8371e-01,  3.2622e-01,  4.5221e+00]],

        [[-2.8818e-01,  3.2560e-01,  4.5150e+00]],

        [[-2.9036e-01,  3.1849e-01,  4.5125e+00]],

        [[-2.9255e-01,  3.1691e-01,  4.5032e+00]],

        [[-2.9646e-01,  3.1909e-01,  4.5057e+00]],

        [[-2.9643e-01,  3.2173e-01,  4.5231e+00]],

        [[-2.9251e-01,  3.2335e-01,  4.5070e+00]],

        [[-2.9067e-01,  3.2328e-01,  4.5167e+00]],

        [[-2.8585e-01,  3.2285e-01,  4.5104e+00]],

        [[-2.8132e-01,  3.2481e-01,  4.5147e+00]],

        [[-2.7434e-01,  3.2534e-01,  4.5099e+00]],

        [[-2.6721e-01,  3.2473e-01,  4.5013e+00]],

        [[-2.5850e-01,  3.2377e-01,  4.5060e+00]],

        [[-2.5001e-01,  3.2328e-01,  4.5042e+00]],

        [[-2.4123e-01,  3.2531e-01,  4.5059e+00]],

        [[-2.3241e-01,  3.2480e-01,  4.5098e+00]],

        [[-2.2271e-01,  3.2478e-01,  4.5116e+00]],

        [[-2.1690e-01,  3.2419e-01,  4.5225e+00]],

        [[-2.0847e-01,  3.2490e-01,  4.5248e+00]],

        [[-1.9917e-01,  3.2466e-01,  4.5404e+00]],

        [[-1.8934e-01,  3.2642e-01,  4.5563e+00]],

        [[-1.7822e-01,  3.2749e-01,  4.5653e+00]],

        [[-1.7184e-01,  3.3000e-01,  4.5883e+00]],

        [[-1.6625e-01,  3.2576e-01,  4.5830e+00]],

        [[-1.5841e-01,  3.3134e-01,  4.5870e+00]],

        [[-1.5128e-01,  3.2929e-01,  4.5883e+00]],

        [[-1.4645e-01,  3.3037e-01,  4.5902e+00]],

        [[-1.3830e-01,  3.3675e-01,  4.5690e+00]],

        [[-1.3492e-01,  3.3454e-01,  4.5463e+00]],

        [[-1.3054e-01,  3.3076e-01,  4.5388e+00]],

        [[-1.2957e-01,  3.2985e-01,  4.5280e+00]],

        [[-1.3021e-01,  3.2748e-01,  4.5343e+00]],

        [[-1.2833e-01,  3.2463e-01,  4.5175e+00]],

        [[-1.2481e-01,  3.2671e-01,  4.5167e+00]],

        [[-1.2325e-01,  3.2764e-01,  4.4908e+00]],

        [[-1.2378e-01,  3.2729e-01,  4.5020e+00]],

        [[-1.2543e-01,  3.2571e-01,  4.4701e+00]],

        [[-1.3037e-01,  3.1945e-01,  4.4416e+00]],

        [[-1.3101e-01,  3.1338e-01,  4.3809e+00]],

        [[-1.3110e-01,  3.0769e-01,  4.3471e+00]],

        [[-1.3124e-01,  3.0790e-01,  4.3654e+00]],

        [[-1.3085e-01,  3.0236e-01,  4.3584e+00]],

        [[-1.3411e-01,  2.9367e-01,  4.3089e+00]],

        [[-1.3415e-01,  2.9220e-01,  4.2959e+00]],

        [[-1.3388e-01,  2.8477e-01,  4.2369e+00]],

        [[-1.3550e-01,  2.8602e-01,  4.2399e+00]],

        [[-1.3604e-01,  2.8602e-01,  4.2427e+00]],

        [[-1.3661e-01,  2.8684e-01,  4.2403e+00]],

        [[-1.4135e-01,  2.8768e-01,  4.2442e+00]],

        [[-1.4161e-01,  2.8333e-01,  4.2212e+00]],

        [[-1.4552e-01,  2.7943e-01,  4.2351e+00]],

        [[-1.4648e-01,  2.7860e-01,  4.2344e+00]],

        [[-1.4712e-01,  2.8090e-01,  4.2419e+00]],

        [[-1.4940e-01,  2.8058e-01,  4.2314e+00]],

        [[-1.4929e-01,  2.8633e-01,  4.2523e+00]],

        [[-1.5111e-01,  2.8729e-01,  4.2526e+00]],

        [[-1.5536e-01,  2.8437e-01,  4.2192e+00]],

        [[-1.5493e-01,  2.8800e-01,  4.2529e+00]],

        [[-1.5553e-01,  2.8998e-01,  4.2545e+00]],

        [[-1.5908e-01,  2.8562e-01,  4.2516e+00]],

        [[-1.6059e-01,  2.8667e-01,  4.2353e+00]],

        [[-1.6377e-01,  2.8938e-01,  4.2243e+00]],

        [[-1.6519e-01,  2.9019e-01,  4.2454e+00]],

        [[-1.6615e-01,  2.8674e-01,  4.2272e+00]],

        [[-1.6666e-01,  2.8744e-01,  4.2470e+00]],

        [[-1.6784e-01,  2.8588e-01,  4.2372e+00]],

        [[-1.7117e-01,  2.8645e-01,  4.2237e+00]],

        [[-1.7206e-01,  2.8900e-01,  4.2259e+00]],

        [[-1.7332e-01,  2.8739e-01,  4.2369e+00]],

        [[-1.7096e-01,  2.8817e-01,  4.2400e+00]],

        [[-1.7510e-01,  2.9030e-01,  4.2538e+00]],

        [[-1.7550e-01,  2.9025e-01,  4.2463e+00]],

        [[-1.7573e-01,  2.9090e-01,  4.2558e+00]],

        [[-1.7863e-01,  2.9280e-01,  4.2626e+00]],

        [[-1.7907e-01,  2.9164e-01,  4.2524e+00]],

        [[-1.7789e-01,  2.8583e-01,  4.2392e+00]],

        [[-1.7948e-01,  2.8769e-01,  4.2684e+00]],

        [[-1.7837e-01,  2.8187e-01,  4.2021e+00]],

        [[-1.7997e-01,  2.8352e-01,  4.2097e+00]],

        [[-1.7990e-01,  2.8703e-01,  4.2382e+00]],

        [[-1.8032e-01,  2.9141e-01,  4.2480e+00]],

        [[-1.8105e-01,  2.8798e-01,  4.2385e+00]],

        [[-1.8350e-01,  2.8773e-01,  4.2390e+00]],

        [[-1.8277e-01,  2.8800e-01,  4.2216e+00]],

        [[-1.8331e-01,  2.9178e-01,  4.2251e+00]],

        [[-1.8373e-01,  2.8890e-01,  4.2383e+00]],

        [[-1.8117e-01,  2.9026e-01,  4.2528e+00]],

        [[-1.8121e-01,  2.8999e-01,  4.2410e+00]],

        [[-1.8371e-01,  2.8626e-01,  4.2237e+00]],

        [[-1.8171e-01,  2.8755e-01,  4.2118e+00]],

        [[-1.8050e-01,  2.8959e-01,  4.2139e+00]],

        [[-1.7994e-01,  2.9272e-01,  4.2266e+00]],

        [[-1.7847e-01,  2.8640e-01,  4.1909e+00]],

        [[-1.8291e-01,  2.8617e-01,  4.1956e+00]],

        [[-1.7959e-01,  2.8497e-01,  4.1955e+00]],

        [[-1.7881e-01,  2.8953e-01,  4.2330e+00]],

        [[-1.7860e-01,  2.8815e-01,  4.2284e+00]],

        [[-1.8078e-01,  2.8630e-01,  4.2156e+00]],

        [[-1.8130e-01,  2.8470e-01,  4.2155e+00]],

        [[-1.7855e-01,  2.8242e-01,  4.1929e+00]],

        [[-1.7847e-01,  2.8484e-01,  4.1995e+00]],

        [[-1.7838e-01,  2.8849e-01,  4.2067e+00]],

        [[-1.7494e-01,  2.8954e-01,  4.1963e+00]],

        [[-1.7729e-01,  2.9614e-01,  4.2277e+00]],

        [[-1.7655e-01,  2.9869e-01,  4.2450e+00]],

        [[-1.7451e-01,  3.0567e-01,  4.2674e+00]],

        [[-1.7519e-01,  3.1145e-01,  4.3074e+00]],

        [[-1.7340e-01,  3.1575e-01,  4.3060e+00]],

        [[-1.7267e-01,  3.2834e-01,  4.3495e+00]],

        [[-1.6944e-01,  3.3456e-01,  4.3534e+00]],

        [[-1.6924e-01,  3.3964e-01,  4.3755e+00]],

        [[-1.7217e-01,  3.3946e-01,  4.3987e+00]],

        [[-1.7138e-01,  3.3631e-01,  4.4089e+00]],

        [[-1.7149e-01,  3.3347e-01,  4.4123e+00]],

        [[-1.7378e-01,  3.3323e-01,  4.4336e+00]],

        [[-1.7481e-01,  3.3086e-01,  4.4592e+00]],

        [[-1.7493e-01,  3.3333e-01,  4.4606e+00]],

        [[-1.7618e-01,  3.2927e-01,  4.4584e+00]],

        [[-1.7828e-01,  3.3264e-01,  4.4611e+00]],

        [[-1.7913e-01,  3.3221e-01,  4.4508e+00]],

        [[-1.8146e-01,  3.3353e-01,  4.4629e+00]],

        [[-1.8169e-01,  3.3584e-01,  4.4727e+00]],

        [[-1.8343e-01,  3.3616e-01,  4.4760e+00]],

        [[-1.8380e-01,  3.3785e-01,  4.5074e+00]],

        [[-1.8614e-01,  3.3437e-01,  4.5340e+00]],

        [[-1.8508e-01,  3.3305e-01,  4.5267e+00]],

        [[-1.8591e-01,  3.3017e-01,  4.5272e+00]],

        [[-1.8779e-01,  3.2945e-01,  4.5219e+00]],

        [[-1.8735e-01,  3.2706e-01,  4.5199e+00]],

        [[-1.8565e-01,  3.2148e-01,  4.5122e+00]],

        [[-1.8582e-01,  3.2018e-01,  4.5194e+00]],

        [[-1.8659e-01,  3.1963e-01,  4.5208e+00]],

        [[-1.8861e-01,  3.1890e-01,  4.5174e+00]],

        [[-1.8720e-01,  3.1744e-01,  4.5085e+00]],

        [[-1.8691e-01,  3.1654e-01,  4.5090e+00]],

        [[-1.8815e-01,  3.1924e-01,  4.5234e+00]],

        [[-1.8810e-01,  3.2030e-01,  4.5287e+00]],

        [[-1.8786e-01,  3.2041e-01,  4.5321e+00]],

        [[-1.8812e-01,  3.2083e-01,  4.5327e+00]],

        [[-1.8822e-01,  3.2163e-01,  4.5343e+00]],

        [[-1.8816e-01,  3.2280e-01,  4.5321e+00]],

        [[-1.8770e-01,  3.2351e-01,  4.5322e+00]],

        [[-1.8823e-01,  3.2345e-01,  4.5232e+00]],

        [[-1.8806e-01,  3.2020e-01,  4.5205e+00]],

        [[-1.8741e-01,  3.2009e-01,  4.5196e+00]],

        [[-1.8713e-01,  3.1997e-01,  4.5197e+00]],

        [[-1.8704e-01,  3.1996e-01,  4.5211e+00]],

        [[-1.8612e-01,  3.2072e-01,  4.5259e+00]],

        [[-1.8596e-01,  3.1916e-01,  4.5202e+00]],

        [[-1.8517e-01,  3.1916e-01,  4.5176e+00]],

        [[-1.8565e-01,  3.1991e-01,  4.5224e+00]],

        [[-1.8593e-01,  3.2008e-01,  4.5255e+00]],

        [[-1.8690e-01,  3.2108e-01,  4.5273e+00]],

        [[-1.8588e-01,  3.2194e-01,  4.5269e+00]],

        [[-1.8733e-01,  3.2244e-01,  4.5308e+00]],

        [[-1.8672e-01,  3.2313e-01,  4.5266e+00]],

        [[-1.8692e-01,  3.2304e-01,  4.5269e+00]],

        [[-1.8696e-01,  3.2314e-01,  4.5285e+00]],

        [[-1.8729e-01,  3.2338e-01,  4.5357e+00]],

        [[-1.8697e-01,  3.2424e-01,  4.5357e+00]],

        [[-1.8623e-01,  3.2412e-01,  4.5322e+00]],

        [[-1.8567e-01,  3.2474e-01,  4.5324e+00]],

        [[-1.8569e-01,  3.2462e-01,  4.5331e+00]],

        [[-1.8602e-01,  3.2464e-01,  4.5306e+00]],

        [[-1.8474e-01,  3.2493e-01,  4.5306e+00]],

        [[-1.8459e-01,  3.2524e-01,  4.5332e+00]],

        [[-1.8371e-01,  3.2619e-01,  4.5401e+00]],

        [[-1.8297e-01,  3.2530e-01,  4.5346e+00]],

        [[-1.8193e-01,  3.2425e-01,  4.5314e+00]],

        [[-1.8134e-01,  3.2483e-01,  4.5354e+00]],

        [[-1.8188e-01,  3.2445e-01,  4.5309e+00]],

        [[-1.8128e-01,  3.2494e-01,  4.5319e+00]],

        [[-1.8010e-01,  3.2311e-01,  4.5277e+00]],

        [[-1.7895e-01,  3.2199e-01,  4.5251e+00]],

        [[-1.7851e-01,  3.2373e-01,  4.5207e+00]],

        [[-1.7736e-01,  3.2255e-01,  4.5160e+00]],

        [[-1.7705e-01,  3.2336e-01,  4.5193e+00]],

        [[-1.7667e-01,  3.2403e-01,  4.5138e+00]],

        [[-1.7671e-01,  3.2361e-01,  4.5127e+00]],

        [[-1.7542e-01,  3.2313e-01,  4.5239e+00]],

        [[-1.7539e-01,  3.2308e-01,  4.5072e+00]],

        [[-1.7474e-01,  3.2375e-01,  4.5063e+00]]])